0.000000000000000000e+00,3.204704000000000178e+03,3.229094000000000051e+03,3.097226999999999862e+03,3.215956999999999880e+03,3.375028000000000247e+03,3.296083000000000084e+03,3.378280999999999949e+03,3.465282000000000153e+03,3.499317000000000007e+03,3.164829999999999927e+03,3.448889000000000124e+03,2.364523999999999887e+03,3.234298999999999978e+03,2.102244999999999891e+03,2.178782999999999902e+03,1.265841000000000122e+03,3.200726000000000113e+03,3.275597000000000207e+03,3.357865999999999985e+03,3.682293000000000120e+03,3.527360999999999876e+03,3.504976999999999862e+03,3.466153000000000247e+03,3.483363000000000284e+03,3.383238000000000284e+03,3.167335000000000036e+03,3.150211000000000240e+03,3.379755000000000109e+03,3.096249000000000251e+03,3.683619000000000142e+03,3.409181000000000040e+03,3.328994000000000142e+03,3.210673000000000229e+03,3.326307000000000244e+03,3.289941000000000258e+03,3.606503999999999905e+03,3.551722999999999956e+03,3.110789000000000215e+03,3.233936999999999898e+03,3.467880999999999858e+03,3.558952000000000226e+03,1.059781999999999925e+03,3.251219000000000051e+03,1.967187000000000126e+03,3.120827999999999975e+03,3.312597999999999956e+03,3.429317000000000007e+03,3.424047000000000025e+03,1.745191000000000031e+03,3.444195000000000164e+03,3.339197999999999865e+03,3.257179000000000087e+03,3.255751999999999953e+03,3.255818000000000211e+03,3.129809000000000196e+03,3.167846000000000004e+03,3.447954000000000178e+03,3.424800000000000182e+03,3.233101999999999862e+03,1.300057000000000016e+03,3.299858000000000175e+03,3.216077999999999975e+03,3.622521999999999935e+03,1.224958000000000084e+03,2.005425999999999931e+03,1.404110000000000127e+03,3.484164000000000215e+03,2.169581999999999880e+03,3.252028999999999996e+03,3.540327000000000226e+03,2.716750000000000114e+02,3.245563999999999851e+03,1.970143000000000029e+03,3.773255000000000109e+03,3.305342000000000098e+03,3.108927999999999884e+03,3.346036000000000058e+03,3.087334000000000287e+03,3.490340999999999894e+03,3.518793999999999869e+03,3.266782999999999902e+03,3.299195999999999913e+03,1.607391000000000076e+03,3.195230000000000018e+03,1.355490000000000009e+03,3.115465999999999894e+03,3.515079000000000178e+03,3.236427999999999884e+03,3.252018000000000029e+03,3.619343000000000302e+03,2.468679999999999950e+02,3.191327000000000226e+03,3.322188000000000102e+03,3.487155000000000200e+03,3.307671000000000276e+03,3.113405999999999949e+03,3.317463000000000193e+03,3.278483000000000175e+03,3.141275999999999840e+03,3.410371000000000095e+03,3.484003000000000156e+03,3.535740999999999985e+03,3.242974000000000160e+03,3.559519999999999982e+03,1.640236000000000104e+03,3.267913000000000011e+03,3.187726000000000113e+03,3.885075000000000273e+03,3.246720000000000255e+03,1.971489000000000033e+03,3.670856999999999971e+03,2.035997000000000071e+03,3.152635999999999967e+03,3.424124000000000251e+03,3.851791999999999916e+03,3.152367000000000189e+03,3.080740000000000236e+03,3.223778999999999996e+03,3.379827999999999975e+03,3.505346000000000004e+03,3.167238000000000284e+03,3.424155000000000200e+03,3.171170000000000073e+03,3.285914000000000215e+03,3.178175000000000182e+03,3.269563999999999851e+03,3.131775000000000091e+03,3.331639000000000124e+03
3.204704000000000178e+03,0.000000000000000000e+00,9.473350000000000364e+02,1.460999000000000024e+03,1.731069999999999993e+02,4.319360999999999876e+03,3.597246999999999844e+03,4.584195999999999913e+03,4.774244999999999891e+03,4.489043999999999869e+03,4.053069999999999595e+02,4.758916999999999462e+03,5.569228000000000065e+03,2.440010000000000048e+02,5.306949000000000524e+03,5.383487000000000080e+03,4.470545000000000073e+03,3.501815000000000055e+03,1.223990000000000009e+03,3.659257999999999811e+03,5.010875000000000000e+03,4.080614000000000487e+03,4.704197000000000116e+03,1.609726999999999862e+03,1.484711000000000013e+03,4.394514999999999418e+03,4.405729000000000269e+03,3.878903999999999996e+03,4.543678999999999178e+03,4.532320999999999913e+03,5.120465000000000146e+03,4.547003999999998996e+03,4.313966999999999643e+03,3.747934999999999945e+03,9.958520000000000891e+02,4.145270000000000437e+03,4.893875000000000000e+03,4.174519000000000233e+03,3.592557999999999993e+03,9.396009999999999991e+02,1.230434999999999945e+03,4.467467999999999847e+03,4.264485999999999876e+03,3.993041000000000167e+03,5.171891000000000531e+03,3.890213000000000193e+03,3.107161999999999807e+03,4.403862999999999374e+03,4.698192999999999302e+03,4.949895000000000437e+03,3.810608999999999924e+03,4.332735000000000582e+03,3.820199000000000069e+03,1.068070000000000022e+02,2.784250000000000114e+02,2.927239999999999895e+02,1.378029999999999973e+03,4.820825000000000728e+03,5.392838999999999942e+03,3.011865999999999985e+03,4.504761000000000422e+03,1.277702999999999975e+03,3.533069999999999595e+02,4.825731999999999971e+03,4.429662000000000262e+03,5.210130000000000109e+03,4.608814000000000306e+03,4.254096000000000458e+03,5.374286000000000058e+03,1.100826999999999998e+03,5.182307999999999993e+03,3.476379000000000360e+03,2.790470000000000255e+02,5.174846999999999753e+03,4.861587999999999738e+03,2.845735999999999876e+03,3.653422999999999774e+03,4.352903000000000247e+03,4.009630000000000109e+03,4.449648000000000138e+03,4.012248000000000502e+03,3.284139999999999873e+02,4.630875000000000000e+03,4.812095000000000255e+03,3.460110000000000127e+03,4.560194000000000415e+03,3.938182000000000244e+03,4.576912000000000262e+03,4.796419999999999959e+02,1.189005000000000109e+03,4.423327000000000226e+03,3.451572000000000116e+03,9.257839999999999918e+02,2.923351999999999862e+03,4.427844000000000051e+03,3.551246999999999844e+03,4.024015000000000327e+03,4.283967000000000553e+03,3.809890000000000327e+02,3.958889999999999873e+03,4.567990999999999076e+03,1.836003999999999905e+03,4.330375000000000000e+03,1.060199000000000069e+03,4.583873000000000502e+03,4.844940000000000509e+03,3.416666999999999916e+03,2.033019999999999925e+02,5.587371000000000095e+03,7.574399999999999977e+01,5.176193000000000211e+03,5.332216000000000349e+03,5.240701000000000022e+03,3.067645999999999731e+03,3.686735999999999876e+03,5.427345999999999549e+03,2.873918000000000120e+03,3.646833000000000084e+03,4.109700000000000131e+01,1.320423999999999978e+03,3.120121999999999844e+03,4.214471999999999753e+03,4.366351999999999862e+03,9.513400000000000034e+01,4.074068000000000211e+03,3.884202999999999975e+03,3.265310000000000059e+02,4.026053000000000338e+03,3.593732999999999720e+03
3.229094000000000051e+03,9.473350000000000364e+02,0.000000000000000000e+00,1.819767000000000053e+03,9.935520000000000209e+02,3.998505000000000109e+03,4.172685999999999694e+03,4.067536000000000058e+03,4.441265999999999622e+03,4.801745000000000800e+03,1.134914999999999964e+03,4.065145999999999731e+03,5.593618000000000393e+03,9.226580000000000155e+02,5.331338999999999942e+03,5.407877000000000407e+03,4.494935000000000400e+03,4.268117999999999483e+03,8.227989999999999782e+02,4.234697000000000116e+03,4.243846999999999753e+03,3.313586000000000240e+03,3.937169000000000324e+03,8.690650000000000546e+02,1.140751999999999953e+03,4.015317000000000462e+03,4.191873000000000502e+03,4.201604000000000269e+03,4.010430000000000291e+03,4.318465000000000146e+03,4.353436999999999898e+03,4.167806000000000495e+03,3.455965999999999894e+03,4.070635000000000218e+03,1.136689999999999969e+02,4.131702000000000226e+03,4.126846999999999753e+03,3.407490999999999985e+03,4.358860999999999876e+03,1.143532999999999902e+03,1.592233999999999924e+03,4.819926000000000386e+03,4.288876000000000204e+03,4.305694999999999709e+03,5.196280999999999949e+03,4.354279000000000451e+03,2.224979000000000269e+03,3.562005999999999858e+03,4.125869999999999891e+03,4.974284999999999854e+03,4.497168999999999869e+03,3.450552000000000135e+03,3.998371000000000095e+03,9.719480000000000928e+02,9.649850000000000136e+02,1.114309999999999945e+03,1.730488000000000056e+03,4.080163000000000466e+03,4.605003999999999905e+03,2.224030999999999949e+03,4.529150999999999840e+03,9.337440000000000282e+02,1.173836000000000013e+03,4.037896999999999935e+03,4.454051999999999680e+03,5.234520000000000437e+03,4.633203999999999724e+03,4.238679000000000087e+03,5.398675999999999476e+03,3.337990000000000350e+02,4.473340000000000146e+03,3.500769000000000233e+03,9.801230000000000473e+02,5.199237000000000080e+03,5.223387000000000626e+03,1.963553000000000111e+03,4.419725999999999658e+03,3.994998000000000047e+03,4.473696000000000822e+03,4.245257000000000517e+03,3.245220000000000255e+03,1.014974000000000046e+03,4.363756999999999607e+03,4.836485000000000582e+03,3.444693000000000211e+03,4.584583999999999833e+03,4.402248000000000502e+03,4.117993000000000393e+03,1.158416999999999916e+03,9.078469999999999800e+02,4.407909999999999854e+03,3.475961999999999989e+03,2.599560000000000173e+02,2.041169000000000096e+03,3.703123999999999796e+03,4.171371000000000095e+03,4.488081000000000131e+03,3.993005000000000109e+03,1.067548999999999978e+03,4.281590000000000146e+03,4.046483999999999924e+03,1.103200000000000045e+03,3.542539999999999964e+03,8.463429999999999609e+02,3.816845000000000255e+03,4.869329999999999927e+03,4.180689000000000306e+03,1.024887999999999920e+03,5.023034999999999854e+03,9.408850000000001046e+02,5.200583000000000538e+03,4.544381000000000313e+03,5.265091000000000349e+03,2.315266000000000076e+03,4.055322000000000116e+03,4.545163000000000466e+03,2.103492999999999938e+03,3.631416000000000167e+03,9.062380000000000564e+02,5.797620000000000573e+02,2.237939000000000306e+03,4.944079999999999927e+03,4.015965999999999894e+03,1.042469000000000051e+03,4.535881000000000313e+03,4.414532999999999447e+03,1.013091000000000008e+03,4.501783000000000357e+03,4.148324999999999818e+03
3.097226999999999862e+03,1.460999000000000024e+03,1.819767000000000053e+03,0.000000000000000000e+00,1.324619000000000142e+03,4.370299999999999272e+03,3.648185999999999694e+03,4.637920999999999367e+03,3.485494000000000142e+03,3.897778999999999996e+03,1.290938000000000102e+03,4.809855999999999767e+03,5.461751000000000204e+03,1.395513000000000147e+03,5.199471999999999753e+03,5.276010000000000218e+03,4.363068000000000211e+03,3.552753999999999905e+03,1.962831999999999880e+03,3.710196999999999662e+03,4.794507999999999811e+03,4.249252000000000407e+03,4.313313000000000102e+03,2.039547000000000025e+03,2.280784999999999854e+03,4.445453999999999724e+03,3.251827999999999975e+03,4.355683000000000902e+03,4.594617999999999483e+03,3.125235999999999876e+03,4.904097999999999956e+03,4.597942999999999302e+03,4.364905999999999949e+03,4.452769000000000233e+03,1.933436000000000149e+03,4.262567999999999302e+03,4.677507999999999811e+03,4.559659999999999854e+03,3.462010999999999967e+03,1.186472999999999956e+03,2.389850000000000364e+03,3.178717000000000098e+03,4.157009000000000015e+03,4.498942999999999302e+03,5.064413999999999760e+03,4.203008000000000720e+03,1.847893000000000029e+03,4.454801999999999680e+03,4.749131999999999607e+03,4.842417999999999665e+03,4.970024000000000342e+03,4.522002999999999702e+03,4.380505000000000109e+03,1.567806000000000040e+03,1.437840000000000146e+03,1.263820999999999913e+03,8.927899999999999636e+01,4.837595999999999549e+03,4.326394000000000233e+03,2.724989000000000487e+03,4.397283999999999651e+03,2.073777000000000044e+03,1.342938000000000102e+03,4.192552999999999884e+03,4.322184999999999491e+03,5.102653000000000247e+03,4.501336999999999534e+03,4.090686999999999898e+03,5.266808999999999287e+03,1.485968000000000075e+03,4.448337999999999738e+03,3.368902000000000044e+03,1.452978000000000065e+03,5.067369999999999891e+03,6.021003000000000611e+03,1.586467000000000098e+03,3.401146000000000186e+03,4.406627999999999702e+03,4.083591000000000349e+03,4.500586999999999534e+03,4.317618000000000393e+03,1.487829000000000178e+03,3.476974000000000160e+03,4.704618000000000393e+03,3.296701000000000022e+03,4.452716999999999643e+03,4.155039000000000669e+03,4.627850999999999658e+03,1.631272000000000162e+03,1.877783999999999878e+03,4.259917999999999665e+03,3.344094999999999800e+03,2.079722999999999956e+03,2.044216000000000122e+03,3.529387000000000171e+03,4.314443999999999505e+03,4.180779999999999745e+03,4.383665999999999258e+03,1.540404000000000224e+03,4.275697000000001026e+03,4.618929999999999382e+03,2.273681999999999789e+03,4.043498000000000502e+03,1.743715999999999894e+03,3.836706000000000131e+03,4.737462999999999738e+03,4.212212999999999738e+03,1.293283000000000129e+03,4.537123999999999796e+03,1.536742999999999938e+03,5.068716000000000349e+03,4.699037000000000262e+03,5.133224000000000160e+03,2.633754000000000360e+03,4.422792000000000371e+03,4.168077000000000226e+03,2.421818000000000211e+03,3.109978000000000065e+03,1.502096000000000004e+03,1.750243999999999915e+03,1.860853000000000065e+03,4.309827000000000226e+03,4.417290999999999258e+03,1.365865000000000009e+03,4.793626999999999498e+03,4.607780999999999040e+03,1.485946000000000140e+03,4.397786999999999352e+03,4.329789000000000669e+03
3.215956999999999880e+03,1.731069999999999993e+02,9.935520000000000209e+02,1.324619000000000142e+03,0.000000000000000000e+00,4.492467999999999847e+03,3.770353999999999814e+03,4.591827999999999520e+03,4.631555000000000291e+03,4.401301999999999680e+03,2.322839999999999918e+02,4.767140000000000327e+03,5.580480999999999767e+03,7.089400000000000546e+01,5.318201999999999316e+03,5.394739999999999782e+03,4.481797999999999774e+03,3.674922000000000025e+03,1.058786000000000058e+03,3.832364999999999782e+03,5.002037999999999556e+03,4.071777000000000044e+03,4.695360000000000582e+03,1.436737999999999829e+03,1.319507000000000062e+03,4.501145999999999731e+03,4.232622000000000298e+03,3.870921999999999571e+03,4.453278000000000247e+03,4.359213999999999942e+03,5.111627999999999702e+03,4.653634999999999309e+03,4.370235999999999876e+03,3.755567000000000007e+03,1.107221000000000004e+03,4.152902000000000044e+03,4.885037999999999556e+03,4.165681999999999789e+03,3.765664999999999964e+03,9.857630000000000337e+02,1.065230999999999995e+03,4.324778000000000247e+03,4.275738999999999578e+03,3.969375000000000000e+03,5.183144000000000233e+03,3.718246999999999844e+03,2.993954000000000178e+03,4.476275999999999840e+03,4.706416000000000167e+03,4.961148000000000138e+03,3.645404999999999745e+03,4.444104000000000269e+03,3.827831000000000131e+03,2.799139999999999873e+02,1.132210000000000036e+02,1.207579999999999956e+02,1.235340000000000146e+03,4.647836000000000240e+03,5.220872999999999593e+03,2.839899999999999636e+03,4.516014000000000124e+03,1.112499000000000024e+03,1.802839999999999918e+02,4.653765999999999622e+03,4.440914999999999964e+03,5.221382999999999811e+03,4.620067000000000007e+03,4.080988999999999578e+03,5.385538999999999760e+03,1.091990000000000009e+03,5.089208999999999833e+03,3.487632000000000062e+03,1.283590000000000089e+02,5.186100000000000364e+03,4.696384000000000015e+03,2.732528000000000247e+03,3.826529999999999745e+03,4.360534999999999854e+03,3.837663999999999760e+03,4.622755000000000109e+03,4.003411000000000058e+03,1.632100000000000080e+02,4.457768000000000029e+03,4.823347999999999956e+03,3.287002999999999702e+03,4.571447000000000116e+03,3.766215999999999894e+03,4.750019000000000233e+03,3.066530000000000200e+02,1.021159999999999968e+03,4.250219999999999345e+03,3.462824999999999818e+03,9.538990000000000009e+02,3.034721000000000004e+03,4.262640000000000327e+03,3.463505000000000109e+03,3.852048999999999978e+03,4.291599000000000160e+03,2.157849999999999966e+02,3.790935999999999694e+03,4.674621999999999389e+03,1.670800000000000182e+03,4.158408999999999651e+03,8.870919999999999845e+02,4.575036000000000058e+03,4.856193000000000211e+03,3.328925000000000182e+03,3.133600000000000207e+01,5.422166999999999462e+03,2.488509999999999991e+02,5.187445999999999913e+03,5.160250000000000000e+03,5.251953999999999724e+03,2.894623000000000047e+03,3.598994000000000142e+03,5.314138000000000829e+03,2.762091999999999643e+03,3.473725999999999658e+03,2.142040000000000077e+02,1.147434999999999945e+03,3.006914000000000215e+03,4.041449000000000069e+03,4.539458999999999833e+03,2.682409999999999854e+02,3.908864000000000033e+03,3.860536999999999807e+03,1.613269999999999982e+02,3.854086999999999989e+03,3.505990999999999985e+03
3.375028000000000247e+03,4.319360999999999876e+03,3.998505000000000109e+03,4.370299999999999272e+03,4.492467999999999847e+03,0.000000000000000000e+00,7.221140000000000327e+02,2.828170000000000073e+02,2.204614999999999782e+03,4.698262999999999920e+03,4.512837000000000444e+03,4.395559999999999832e+02,5.739551999999999680e+03,4.563362000000000080e+03,5.477273000000000138e+03,5.553810999999999694e+03,4.640869000000000597e+03,8.175460000000000491e+02,4.546311999999999898e+03,6.601030000000000655e+02,1.651355999999999767e+03,4.550500000000000000e+03,3.852258000000000266e+03,3.800012000000000171e+03,4.385439999999999600e+03,7.515399999999999636e+01,2.998167000000000371e+03,9.517019999999999982e+02,2.243180000000000121e+02,3.124759000000000469e+03,1.760945999999999685e+03,2.276430000000000007e+02,5.425389999999999873e+02,8.207330000000000609e+02,3.884836000000000240e+03,4.233980000000000246e+02,1.534355999999999767e+03,1.255881000000000085e+03,9.082889999999999873e+02,4.074480000000000473e+03,4.272145999999999731e+03,4.801724000000000160e+03,4.434810000000000400e+03,1.063415999999999940e+03,5.342215000000000146e+03,1.104377000000000180e+03,3.535537000000000262e+03,6.485789999999999509e+02,3.788319999999999936e+02,5.120219000000000051e+03,3.014855999999999767e+03,2.160191000000000258e+03,7.484690000000000509e+02,4.426167999999999665e+03,4.564374999999999091e+03,4.612084999999999127e+03,4.459578999999999724e+03,3.277048999999999978e+03,3.177885999999999967e+03,4.220863000000000284e+03,4.675085000000000036e+03,4.592447999999999411e+03,4.531220000000000255e+03,4.596447000000000116e+03,4.599986000000000786e+03,5.380453999999999724e+03,4.779138000000000829e+03,3.077849999999999909e+03,5.544610000000000582e+03,4.329573000000000320e+03,4.717395999999999731e+03,3.646703000000000429e+03,4.571586999999999534e+03,5.345171000000000276e+03,2.962116999999999734e+03,3.526403999999999996e+03,9.691539999999999964e+02,2.157649999999999864e+02,1.223794000000000324e+03,1.025231999999999971e+03,4.482134000000000015e+03,4.515853999999999360e+03,2.895391000000000076e+03,4.982418999999999869e+03,2.922140000000000327e+03,4.730518000000000029e+03,1.152346000000000231e+03,1.152495999999999867e+03,4.351490999999999985e+03,4.461264000000000124e+03,3.247081000000000131e+03,3.621896000000000186e+03,4.258461000000000240e+03,3.544191000000000258e+03,3.842637999999999920e+03,4.175659999999999854e+03,1.238179000000000315e+03,2.847010000000000218e+02,4.461810999999999694e+03,1.031688000000000102e+03,2.486299999999999955e+02,4.034146999999999935e+03,4.847536000000000058e+03,4.595332000000000335e+03,4.773451999999999316e+03,5.015264000000000124e+03,4.310239999999999782e+03,4.522662999999999556e+03,4.533802000000000589e+03,4.395104999999999563e+03,5.346516999999999825e+03,5.012456000000000131e+03,5.411025000000000546e+03,4.312097999999999956e+03,4.147962999999999738e+03,4.262922000000000480e+03,4.361755000000000109e+03,3.108863000000000284e+03,4.360457999999999629e+03,3.510709000000000287e+03,3.800789999999999964e+03,1.584212999999999965e+03,7.778070000000000164e+02,4.272217000000000553e+03,7.687319999999999709e+02,1.172253999999999905e+03,4.516268999999999323e+03,1.251881000000000085e+03,4.216119999999999891e+03
3.296083000000000084e+03,3.597246999999999844e+03,4.172685999999999694e+03,3.648185999999999694e+03,3.770353999999999814e+03,7.221140000000000327e+02,0.000000000000000000e+00,9.897350000000000136e+02,2.031784000000000106e+03,4.525431999999999789e+03,3.861106000000000222e+03,1.161669999999999845e+03,5.660606999999999971e+03,3.841247999999999593e+03,5.398327999999999520e+03,5.474865999999999985e+03,4.561923999999999978e+03,9.543200000000000216e+01,4.333652999999999338e+03,6.201100000000000279e+01,1.478525000000000091e+03,3.964411000000000058e+03,4.574372000000000298e+03,4.505427000000000589e+03,4.622585000000000036e+03,7.972680000000000291e+02,2.276052999999999884e+03,1.126415999999999940e+03,9.464320000000000164e+02,2.402644999999999982e+03,1.588115000000000009e+03,9.497570000000000618e+02,7.167200000000000273e+02,9.954470000000000027e+02,4.059016999999999825e+03,6.143820000000000618e+02,1.361525000000000091e+03,1.690166999999999916e+03,1.861750000000000114e+02,4.536847999999999956e+03,4.263443999999999505e+03,5.049078999999999724e+03,4.355864999999999782e+03,8.507570000000000618e+02,5.263270000000000437e+03,1.038745999999999867e+03,3.351230000000000018e+03,8.066159999999999854e+02,1.100945999999999913e+03,5.041274000000000342e+03,3.088188999999999851e+03,2.770217000000000098e+03,9.231829999999999927e+02,3.704054000000000087e+03,3.875672000000000025e+03,3.889971000000000004e+03,3.737465000000000146e+03,3.636842999999999847e+03,3.044981000000000222e+03,3.622771000000000186e+03,4.596140000000000327e+03,4.444597999999999047e+03,3.809106000000000222e+03,3.998354999999999563e+03,4.521041000000000167e+03,5.301509000000000015e+03,4.700193000000000211e+03,2.355735999999999876e+03,5.465664999999999964e+03,4.506484999999999673e+03,4.163496999999999389e+03,3.567758000000000266e+03,3.876293999999999869e+03,5.266226000000000568e+03,2.789286000000000058e+03,3.342356000000000222e+03,2.470400000000000205e+02,7.584420000000000073e+02,9.294850000000001273e+02,8.524009999999999536e+02,4.032777000000000044e+03,3.925661000000000058e+03,2.195561000000000149e+03,4.903474000000000160e+03,2.200025999999999840e+03,4.651573000000000320e+03,9.907769999999999300e+02,9.796649999999999636e+02,4.076889000000000124e+03,4.248604999999999563e+03,2.524966999999999643e+03,3.542951000000000022e+03,4.423724000000000160e+03,3.547552999999999884e+03,3.244545999999999822e+03,4.349841000000000349e+03,9.049439999999999600e+02,7.354800000000000182e+02,3.978236000000000331e+03,1.111434999999999945e+03,9.707440000000000282e+02,4.271292000000000371e+03,4.261447000000000116e+03,4.382672999999999774e+03,4.354201999999999316e+03,4.936319000000000415e+03,4.484421000000000276e+03,3.800548999999999978e+03,4.968087999999999738e+03,3.672990999999999985e+03,5.267572000000000116e+03,4.504838999999999942e+03,5.332079999999999927e+03,3.714006000000000313e+03,4.423823000000000320e+03,3.664829999999999927e+03,3.925942000000000462e+03,2.386748999999999796e+03,3.638344000000000051e+03,4.232823000000000320e+03,3.583179999999999836e+03,1.033990999999999985e+03,7.691050000000000182e+02,3.550103000000000065e+03,1.145441000000000031e+03,9.595950000000000273e+02,3.923778000000000247e+03,1.121951000000000022e+03,4.390301000000000386e+03
3.378280999999999949e+03,4.584195999999999913e+03,4.067536000000000058e+03,4.637920999999999367e+03,4.591827999999999520e+03,2.828170000000000073e+02,9.897350000000000136e+02,0.000000000000000000e+00,2.258791999999999916e+03,4.676251000000000204e+03,4.528365000000000691e+03,3.989730000000000132e+02,5.742805000000000291e+03,4.662722000000000662e+03,5.480525999999999840e+03,5.557064000000000306e+03,4.644122000000000298e+03,1.085166999999999916e+03,4.653074999999999818e+03,9.277240000000000464e+02,1.788762999999999920e+03,4.571989999999999782e+03,3.811675000000000182e+03,4.051052000000000135e+03,4.636479999999999563e+03,3.579710000000000036e+02,3.136065000000000055e+03,9.672300000000000182e+02,3.310810000000000173e+02,3.262657000000000153e+03,1.898352999999999838e+03,3.650500000000000114e+02,6.115700000000000500e+02,8.362610000000000809e+02,3.953867000000000189e+03,4.389260000000000446e+02,1.671762999999999920e+03,1.215298000000000002e+03,1.175909999999999854e+03,4.325520000000000437e+03,4.028337999999999738e+03,4.761140999999999622e+03,4.438063000000000102e+03,1.170179000000000087e+03,5.345467999999999847e+03,1.119905000000000200e+03,3.551065000000000509e+03,5.055300000000000296e+02,3.382490000000000236e+02,5.123471999999999753e+03,2.853082999999999629e+03,2.243068000000000211e+03,7.639970000000000709e+02,4.691002999999999702e+03,4.623775999999999840e+03,4.690039000000000669e+03,4.727200000000000728e+03,3.236465999999999894e+03,3.137302999999999884e+03,4.488484000000000378e+03,4.678337999999999738e+03,4.764019999999999527e+03,4.580365000000000691e+03,4.650139000000000124e+03,4.603238999999999578e+03,5.383707000000000335e+03,4.782390999999999622e+03,3.345471000000000004e+03,5.547862999999999374e+03,4.288989999999999782e+03,4.676813000000000102e+03,3.649956000000000131e+03,4.678350000000000364e+03,5.348423999999999978e+03,3.099523999999999887e+03,3.541931999999999789e+03,1.236774999999999864e+03,2.312930000000000064e+02,1.239322000000000344e+03,1.162639000000000124e+03,4.503623999999999796e+03,4.622617000000000189e+03,2.910918999999999869e+03,4.985672000000000480e+03,3.189760999999999967e+03,4.733770999999999731e+03,1.167874000000000251e+03,1.289903000000000020e+03,4.602530999999999949e+03,4.568027000000000044e+03,3.514702000000000226e+03,3.625148999999999887e+03,4.327492000000000189e+03,3.559719000000000051e+03,4.110259000000000015e+03,4.242868999999999687e+03,1.253707000000000335e+03,3.002290000000000418e+02,4.568574000000000524e+03,1.047216000000000122e+03,2.080469999999999970e+02,4.285186999999999898e+03,4.869025999999999840e+03,4.702095000000000255e+03,4.910859000000000378e+03,5.018516999999999825e+03,4.377448999999999614e+03,4.623164000000000669e+03,4.493219000000000051e+03,4.659939999999999600e+03,5.349770000000000437e+03,4.971872999999999593e+03,5.414278000000000247e+03,4.579719000000000051e+03,4.107380000000000109e+03,4.530542999999999665e+03,4.377282999999999447e+03,3.376483999999999924e+03,4.625292999999999665e+03,3.761749000000000251e+03,3.816317999999999756e+03,1.690976000000000113e+03,5.339990000000000236e+02,4.539837999999999738e+03,8.754950000000000045e+02,1.279017000000000053e+03,4.623032000000000153e+03,1.267409000000000106e+03,4.200382999999999811e+03
3.465282000000000153e+03,4.774244999999999891e+03,4.441265999999999622e+03,3.485494000000000142e+03,4.631555000000000291e+03,2.204614999999999782e+03,2.031784000000000106e+03,2.258791999999999916e+03,0.000000000000000000e+00,4.852413999999999760e+03,4.597873999999999796e+03,1.859818999999999960e+03,5.829806000000000495e+03,4.702449000000000524e+03,5.567527000000000044e+03,5.644065000000000509e+03,4.731123000000000502e+03,2.127215999999999894e+03,4.475581999999999425e+03,1.969773000000000138e+03,1.309014000000000124e+03,4.704650999999999840e+03,5.272521000000000640e+03,3.572201000000000022e+03,4.157628999999999905e+03,2.129461000000000240e+03,3.113193999999999960e+03,2.952712999999999738e+03,2.173681000000000040e+03,3.239786000000000058e+03,1.418604000000000042e+03,1.976972000000000207e+03,2.207074999999999818e+03,2.821743999999999687e+03,4.327596999999999753e+03,2.477705000000000382e+03,1.192014000000000124e+03,1.911370000000000118e+03,2.217958999999999833e+03,4.425274999999999636e+03,4.295369999999999891e+03,5.251385000000000218e+03,4.525064000000000306e+03,2.882541000000000167e+03,5.432469000000000051e+03,3.070530000000000200e+03,4.626153000000000247e+03,2.101034999999999854e+03,1.920542999999999893e+03,5.210472999999999956e+03,2.130074000000000069e+03,1.843019000000000005e+03,2.749479999999999563e+03,4.881051999999999680e+03,4.744776000000000749e+03,4.579273000000000138e+03,3.396215000000000146e+03,3.148444999999999709e+03,3.767815000000000509e+03,5.341087999999999738e+03,4.765338999999999942e+03,4.364636999999999716e+03,4.649873999999999796e+03,4.786957000000000335e+03,4.690239999999999782e+03,5.470708000000000538e+03,4.869391999999999825e+03,2.558041999999999916e+03,5.634863999999999578e+03,4.775064999999999600e+03,5.209684000000000196e+03,3.736957000000000335e+03,4.759914000000000669e+03,5.435425000000000182e+03,2.619775000000000091e+03,4.887579000000000633e+03,2.278823999999999614e+03,2.270072000000000116e+03,2.961268999999999778e+03,1.179383000000000038e+03,4.636284999999999854e+03,4.794765000000000327e+03,3.038069999999999709e+03,5.072673000000000684e+03,2.414773999999999887e+03,4.820771999999999935e+03,3.022561000000000149e+03,1.306646999999999935e+03,4.702286000000000058e+03,4.560629999999999200e+03,2.727273000000000138e+03,3.712150000000000091e+03,4.701221999999999753e+03,4.822476000000000568e+03,4.290733000000000175e+03,5.151408000000000357e+03,2.936728000000000065e+03,2.339008000000000266e+03,4.847340000000000146e+03,3.032698999999999614e+03,2.050744999999999891e+03,3.806336000000000240e+03,4.820376000000000204e+03,4.694697999999999411e+03,4.431110000000000582e+03,5.105518000000000029e+03,5.116099000000000160e+03,4.600219000000000051e+03,5.189291000000000167e+03,4.849988999999999578e+03,5.436771000000000640e+03,4.805060999999999694e+03,5.501279000000000451e+03,5.372716000000000349e+03,5.201925000000000182e+03,5.572592000000000553e+03,5.584652000000000044e+03,2.601496999999999844e+03,4.815341999999999643e+03,3.861503999999999905e+03,4.631978000000000065e+03,3.065774999999999636e+03,2.099117000000000189e+03,4.679110999999999876e+03,2.718095000000000255e+03,2.991379000000000360e+03,4.792882000000000517e+03,3.153735000000000127e+03,5.108922000000000480e+03
3.499317000000000007e+03,4.489043999999999869e+03,4.801745000000000800e+03,3.897778999999999996e+03,4.401301999999999680e+03,4.698262999999999920e+03,4.525431999999999789e+03,4.676251000000000204e+03,4.852413999999999760e+03,0.000000000000000000e+00,4.633586000000000240e+03,4.277278000000000247e+03,5.863841000000000349e+03,4.330408000000000357e+03,5.601561999999999898e+03,5.678100000000000364e+03,4.765158000000000357e+03,4.620864000000000487e+03,4.286369000000000597e+03,4.463421000000000276e+03,4.299154999999999745e+03,1.624891000000000076e+03,8.645760000000000218e+02,4.322007999999999811e+03,4.604322000000000116e+03,4.623108999999999469e+03,4.169376000000000204e+03,5.207663000000000466e+03,4.591140000000000327e+03,4.295967999999999847e+03,4.408744999999999891e+03,4.470619999999999891e+03,4.568891999999999825e+03,5.076694000000000415e+03,4.743961000000000240e+03,4.971352999999999156e+03,4.182154999999999745e+03,4.154778999999999542e+03,4.711607000000000880e+03,4.841639000000000124e+03,4.809623999999999796e+03,7.190620000000000118e+02,4.559099000000000160e+03,4.761604000000000269e+03,5.466503999999999905e+03,5.360338000000000648e+03,3.470492999999999938e+03,4.518359000000000378e+03,4.338002000000000407e+03,5.244507999999999811e+03,4.011747000000000298e+03,4.161213999999999942e+03,5.004430000000000291e+03,4.483481999999999971e+03,4.288081000000000131e+03,4.522060000000000400e+03,3.808500000000000000e+03,4.045061000000000149e+03,3.564394999999999982e+03,2.942573000000000320e+03,4.799373999999999796e+03,4.397314000000000306e+03,4.581586000000000240e+03,1.462760999999999967e+03,4.724274999999999636e+03,5.504743000000000393e+03,4.903426999999999680e+03,2.763954000000000178e+03,5.668898999999999432e+03,4.467945999999999913e+03,6.932640000000000100e+02,3.770992000000000189e+03,4.313041000000000167e+03,5.469460000000000036e+03,4.269086000000000240e+03,3.555135000000000218e+03,4.772472000000000662e+03,4.763719999999999345e+03,5.454917000000000371e+03,3.673030999999999949e+03,1.556525000000000091e+03,4.238092000000000553e+03,4.056128000000000156e+03,5.106708000000000538e+03,3.557940000000000055e+03,4.854806999999999789e+03,5.408307000000000698e+03,3.800295000000000073e+03,4.566167000000000371e+03,4.371417000000000371e+03,2.933185000000000400e+03,3.746184999999999945e+03,5.061701000000000022e+03,3.274170000000000073e+03,1.612215000000000146e+03,9.377970000000000255e+02,5.430376000000001113e+03,4.832655999999999040e+03,4.292135000000000218e+03,5.287649000000000342e+03,4.468204000000000633e+03,4.253780999999999949e+03,1.624064000000000078e+03,4.505485000000000582e+03,1.653153000000000020e+03,5.139552999999999884e+03,1.072376999999999953e+03,4.432638000000000829e+03,1.434931000000000040e+03,4.514231999999999971e+03,5.470806000000000495e+03,9.562770000000000437e+02,5.535314000000000306e+03,3.033808000000000447e+03,8.023079999999999927e+02,2.576333999999999833e+03,3.245744000000000597e+03,3.744663000000000011e+03,4.525409000000000560e+03,4.277868000000000393e+03,3.280749000000000251e+03,5.282400999999999840e+03,4.457025999999999840e+03,4.393909999999999854e+03,4.466920000000000073e+03,4.870442000000000007e+03,4.257722999999999956e+03,5.507842000000000553e+03,8.953110000000000355e+02
3.164829999999999927e+03,4.053069999999999595e+02,1.134914999999999964e+03,1.290938000000000102e+03,2.322839999999999918e+02,4.512837000000000444e+03,3.861106000000000222e+03,4.528365000000000691e+03,4.597873999999999796e+03,4.633586000000000240e+03,0.000000000000000000e+00,4.802085000000000036e+03,5.529353999999999360e+03,3.031779999999999973e+02,5.267074999999999818e+03,5.343612999999999374e+03,4.430671000000000276e+03,3.765674000000000433e+03,1.291070000000000164e+03,3.923117000000000189e+03,5.234322000000000116e+03,4.304060999999999694e+03,4.927644000000000233e+03,1.669021999999999935e+03,1.551790999999999940e+03,4.437682999999999993e+03,4.407361000000000786e+03,3.823073000000000320e+03,4.586846999999999753e+03,4.416173999999999978e+03,5.343912000000000262e+03,4.590171999999999571e+03,4.306773000000000138e+03,3.692104000000000269e+03,1.248584000000000060e+03,4.089439000000000306e+03,5.117322000000000116e+03,4.397966000000000349e+03,3.856417000000000371e+03,1.218047000000000025e+03,1.297514999999999873e+03,4.291096999999999753e+03,4.224612000000000080e+03,4.189135000000000218e+03,5.132016999999999825e+03,3.759163000000000011e+03,2.960273000000000138e+03,4.412813000000000102e+03,4.741360999999999876e+03,4.910020999999999731e+03,3.877688999999999851e+03,4.585467000000000553e+03,3.764368000000000393e+03,3.841159999999999854e+02,3.455049999999999955e+02,1.616740000000000066e+02,1.201659000000000106e+03,4.880120000000000800e+03,5.134547000000000480e+03,2.753574000000000069e+03,4.464886999999999716e+03,1.344782999999999902e+03,5.200000000000000000e+01,4.567440000000000509e+03,4.389788000000000466e+03,5.170255999999999403e+03,4.568940000000000509e+03,4.313273000000000138e+03,5.334412000000000262e+03,1.324273999999999887e+03,5.002882999999999811e+03,3.436505000000000109e+03,3.606430000000000291e+02,5.134972999999999956e+03,4.928667999999999665e+03,2.698847000000000207e+03,3.917282000000000153e+03,4.297072000000000116e+03,3.878579999999999927e+03,4.713507000000000517e+03,4.235694999999999709e+03,3.954940000000000282e+02,4.632507000000000517e+03,4.772220999999999549e+03,3.519286999999999807e+03,4.520319999999999709e+03,3.807132000000000062e+03,4.840771000000000640e+03,5.389370000000000118e+02,1.253443999999999960e+03,4.482503999999999905e+03,3.411697999999999865e+03,8.749590000000000600e+02,3.156596000000000004e+03,4.494923999999999978e+03,3.695789000000000215e+03,3.892965000000000146e+03,4.228136000000000422e+03,4.480689999999999600e+02,3.831851999999999862e+03,4.611158999999999651e+03,1.903083999999999833e+03,4.072083000000000084e+03,1.119375999999999976e+03,4.807319999999999709e+03,4.805065999999999804e+03,3.561209000000000287e+03,2.510960000000000036e+02,5.552578000000001339e+03,3.530529999999999973e+02,5.136318999999999505e+03,5.073924000000000888e+03,5.200827000000000226e+03,2.662338999999999942e+03,3.831278000000000247e+03,5.280457000000000335e+03,2.803007999999999811e+03,3.706009999999999764e+03,3.642099999999999795e+02,1.379719000000000051e+03,2.973233000000000175e+03,3.809164999999999964e+03,4.630211000000000240e+03,3.110029999999999859e+02,4.141148000000000138e+03,4.080297000000000025e+03,3.936109999999999900e+02,3.895003000000000156e+03,3.738275000000000091e+03
3.448889000000000124e+03,4.758916999999999462e+03,4.065145999999999731e+03,4.809855999999999767e+03,4.767140000000000327e+03,4.395559999999999832e+02,1.161669999999999845e+03,3.989730000000000132e+02,1.859818999999999960e+03,4.277278000000000247e+03,4.802085000000000036e+03,0.000000000000000000e+00,5.813413000000000466e+03,4.696246000000000095e+03,5.551134000000000015e+03,5.627672000000000480e+03,4.714730000000000473e+03,1.257102000000000089e+03,4.635855999999999767e+03,1.099659000000000106e+03,1.652681000000000040e+03,4.173016999999999825e+03,3.412702000000000226e+03,4.033833000000000084e+03,4.619260999999999513e+03,3.644019999999999868e+02,3.409785000000000309e+03,1.240950000000000045e+03,3.138620000000000232e+02,3.536377000000000407e+03,1.762270999999999958e+03,3.479289999999999736e+02,6.091799999999999500e+02,1.109980999999999995e+03,3.951476999999999862e+03,7.126459999999999582e+02,1.535681000000000040e+03,8.163250000000000455e+02,1.347845000000000027e+03,4.308301000000000386e+03,4.027704999999999927e+03,4.362167999999999665e+03,4.508671000000000276e+03,1.152960000000000036e+03,5.416076000000000022e+03,1.393625000000000227e+03,3.824785000000000309e+03,5.031399999999999864e+02,6.072400000000000375e+01,5.194079999999999927e+03,2.852449999999999818e+03,2.249735000000000127e+03,1.037717000000000098e+03,4.834362000000000080e+03,4.653918999999999869e+03,4.887898000000000138e+03,4.899135000000000218e+03,2.837492999999999938e+03,2.859778000000000247e+03,4.660418999999999869e+03,4.748945999999999913e+03,4.746800999999999476e+03,4.854085000000000036e+03,4.251166000000000167e+03,4.673846999999999753e+03,5.454315000000000509e+03,4.852998999999999796e+03,3.517405999999999949e+03,5.618470999999999549e+03,3.890016999999999825e+03,4.277840000000000146e+03,3.720564000000000306e+03,4.661131000000000313e+03,5.419032000000000153e+03,2.963442000000000007e+03,3.815652000000000044e+03,1.408710000000000036e+03,5.050129999999999768e+02,1.513042000000000371e+03,1.145518000000000029e+03,4.104650999999999840e+03,4.605398000000000138e+03,3.184639000000000124e+03,5.056280000000000655e+03,3.361695999999999913e+03,4.804378999999999905e+03,1.441594000000000278e+03,1.272781999999999925e+03,4.585311999999999898e+03,4.550807999999999993e+03,3.686636999999999716e+03,3.695757000000000062e+03,4.325101999999999862e+03,3.833439000000000306e+03,4.256868000000000393e+03,3.965344000000000051e+03,1.527427000000000362e+03,5.739489999999999554e+02,4.551355000000000473e+03,1.320936000000000149e+03,1.909259999999999877e+02,4.267967999999999847e+03,4.470052999999999884e+03,4.684876000000000204e+03,4.607012999999999920e+03,5.089125000000000000e+03,4.099923999999999978e+03,4.798476000000000568e+03,4.094246000000000095e+03,4.834661000000000058e+03,5.420378000000000611e+03,4.572899999999999636e+03,5.484886000000000422e+03,4.751653999999999542e+03,3.829855000000000018e+03,4.702478000000000065e+03,4.651002999999999702e+03,3.548418999999999869e+03,4.800014000000000124e+03,3.744530000000000200e+03,4.090038000000000011e+03,1.673757000000000062e+03,5.333659999999999854e+02,4.711773000000000138e+03,8.582760000000000673e+02,1.261798000000000002e+03,4.605813000000000102e+03,1.541129000000000133e+03,3.922858000000000175e+03
