0.000000000000000000e+00,3.204704000000000178e+03,3.229094000000000051e+03,3.097226999999999862e+03,3.215956999999999880e+03,3.375028000000000247e+03,3.296083000000000084e+03,3.378280999999999949e+03,3.465282000000000153e+03,3.499317000000000007e+03,3.164829999999999927e+03,3.448889000000000124e+03,2.364523999999999887e+03,3.234298999999999978e+03,2.102244999999999891e+03,2.178782999999999902e+03,1.265841000000000122e+03,3.200726000000000113e+03,3.275597000000000207e+03,3.357865999999999985e+03,3.682293000000000120e+03,3.527360999999999876e+03,3.504976999999999862e+03,3.466153000000000247e+03,3.483363000000000284e+03,3.383238000000000284e+03,3.167335000000000036e+03,3.150211000000000240e+03,3.379755000000000109e+03,3.096249000000000251e+03,3.683619000000000142e+03,3.409181000000000040e+03,3.328994000000000142e+03,3.210673000000000229e+03,3.326307000000000244e+03,3.289941000000000258e+03,3.606503999999999905e+03,3.551722999999999956e+03,3.110789000000000215e+03,3.233936999999999898e+03,3.467880999999999858e+03,3.558952000000000226e+03,1.059781999999999925e+03,3.251219000000000051e+03,1.967187000000000126e+03,3.120827999999999975e+03,3.312597999999999956e+03,3.429317000000000007e+03,3.424047000000000025e+03,1.745191000000000031e+03,3.444195000000000164e+03,3.339197999999999865e+03,3.257179000000000087e+03,3.255751999999999953e+03,3.255818000000000211e+03,3.129809000000000196e+03,3.167846000000000004e+03,3.447954000000000178e+03,3.424800000000000182e+03,3.233101999999999862e+03,1.300057000000000016e+03,3.299858000000000175e+03,3.216077999999999975e+03,3.622521999999999935e+03,1.224958000000000084e+03,2.005425999999999931e+03,1.404110000000000127e+03,3.484164000000000215e+03,2.169581999999999880e+03,3.252028999999999996e+03,3.540327000000000226e+03,2.716750000000000114e+02,3.245563999999999851e+03,1.970143000000000029e+03,3.773255000000000109e+03,3.305342000000000098e+03,3.108927999999999884e+03,3.346036000000000058e+03,3.087334000000000287e+03,3.490340999999999894e+03,3.518793999999999869e+03,3.266782999999999902e+03,3.299195999999999913e+03,1.607391000000000076e+03,3.195230000000000018e+03,1.355490000000000009e+03,3.115465999999999894e+03,3.515079000000000178e+03,3.236427999999999884e+03,3.252018000000000029e+03,3.619343000000000302e+03,2.468679999999999950e+02,3.191327000000000226e+03,3.322188000000000102e+03,3.487155000000000200e+03,3.307671000000000276e+03,3.113405999999999949e+03,3.317463000000000193e+03,3.278483000000000175e+03,3.141275999999999840e+03,3.410371000000000095e+03,3.484003000000000156e+03,3.535740999999999985e+03,3.242974000000000160e+03,3.559519999999999982e+03,1.640236000000000104e+03,3.267913000000000011e+03,3.187726000000000113e+03,3.885075000000000273e+03,3.246720000000000255e+03,1.971489000000000033e+03,3.670856999999999971e+03,2.035997000000000071e+03,3.152635999999999967e+03,3.424124000000000251e+03,3.851791999999999916e+03,3.152367000000000189e+03,3.080740000000000236e+03,3.223778999999999996e+03,3.379827999999999975e+03,3.505346000000000004e+03,3.167238000000000284e+03,3.424155000000000200e+03,3.171170000000000073e+03,3.285914000000000215e+03,3.178175000000000182e+03,3.269563999999999851e+03,3.131775000000000091e+03,3.331639000000000124e+03
3.204704000000000178e+03,0.000000000000000000e+00,9.180040000000000191e+02,1.444833000000000084e+03,1.731069999999999993e+02,3.616949000000000069e+03,3.587974999999999909e+03,3.863452000000000226e+03,3.737831999999999880e+03,3.751090000000000146e+03,3.939719999999999800e+02,3.743412000000000262e+03,3.489974000000000160e+03,2.439010000000000105e+02,3.803204000000000178e+03,3.367027000000000044e+03,3.438941000000000258e+03,3.501815000000000055e+03,8.857910000000000537e+02,3.579816000000000258e+03,3.932561000000000149e+03,3.795458000000000084e+03,3.756249000000000251e+03,8.566040000000000418e+02,8.526960000000000264e+02,3.680807000000000244e+03,3.390651000000000295e+03,3.702258000000000266e+03,3.602084000000000287e+03,3.319423000000000229e+03,3.933979000000000269e+03,3.630327000000000226e+03,3.728142000000000280e+03,3.747934999999999945e+03,9.016879999999999882e+02,3.512508000000000266e+03,3.857735999999999876e+03,3.802981999999999971e+03,3.554354000000000269e+03,8.970980000000000700e+02,8.617609999999999673e+02,3.827068999999999960e+03,3.495914000000000215e+03,3.889869000000000142e+03,3.467356999999999971e+03,3.695280999999999949e+03,2.675907000000000153e+03,3.746673000000000229e+03,3.801543000000000120e+03,3.140394000000000233e+03,3.716228000000000065e+03,3.561231000000000222e+03,3.808575000000000273e+03,8.307000000000000739e+01,2.784030000000000200e+02,2.334579999999999984e+02,1.360884000000000015e+03,3.669072000000000116e+03,3.646074000000000069e+03,3.010731000000000222e+03,2.095758000000000266e+03,8.804680000000000746e+02,3.532610000000000241e+02,3.891961000000000240e+03,2.137195000000000164e+03,3.694682999999999993e+03,3.123985000000000127e+03,3.735795000000000073e+03,3.871652000000000044e+03,1.074217000000000098e+03,3.808083000000000084e+03,3.139927000000000135e+03,2.554860000000000184e+02,3.683269999999999982e+03,4.032360000000000127e+03,2.684146000000000186e+03,3.533997000000000298e+03,3.661429000000000087e+03,3.648755999999999858e+03,3.741816000000000258e+03,3.786300999999999931e+03,2.922359999999999900e+02,3.520829999999999927e+03,3.167396999999999935e+03,3.418153000000000247e+03,3.217764000000000124e+03,3.647704999999999927e+03,3.766115999999999985e+03,4.796399999999999864e+02,8.943089999999999691e+02,3.871000000000000000e+03,3.140755000000000109e+03,9.257839999999999918e+02,2.781175000000000182e+03,3.759829999999999927e+03,3.530021999999999935e+03,3.733367000000000189e+03,3.639876000000000204e+03,2.878400000000000318e+02,3.625247000000000298e+03,3.678874000000000251e+03,8.534170000000000300e+02,3.803451000000000022e+03,8.942459999999999809e+02,3.827717000000000098e+03,3.062773000000000138e+03,3.397208000000000084e+03,2.033019999999999925e+02,4.149807999999999993e+03,5.227600000000000335e+01,3.648545000000000073e+03,3.941836999999999989e+03,3.721903000000000247e+03,3.048257000000000062e+03,3.645985999999999876e+03,4.117190999999999804e+03,2.873882000000000062e+03,3.304057000000000244e+03,4.109700000000000131e+01,8.399239999999999782e+02,2.748034999999999854e+03,3.865166999999999916e+03,3.684514000000000124e+03,9.513400000000000034e+01,3.621963999999999942e+03,3.840923000000000229e+03,2.689689999999999941e+02,3.831300999999999931e+03,3.554050999999999931e+03
3.229094000000000051e+03,9.180040000000000191e+02,0.000000000000000000e+00,1.425578999999999951e+03,8.977720000000000482e+02,3.339512999999999920e+03,3.259699000000000069e+03,3.343954999999999927e+03,3.065365999999999985e+03,3.300425999999999931e+03,8.554579999999999700e+02,3.415849999999999909e+03,3.343211999999999989e+03,9.226580000000000155e+02,3.297050999999999931e+03,3.301967000000000098e+03,3.117177999999999884e+03,3.177393000000000029e+03,7.205270000000000437e+02,3.321217000000000098e+03,3.489192000000000007e+03,3.192309000000000196e+03,3.309226000000000113e+03,7.681549999999999727e+02,8.704379999999999882e+02,3.348488000000000284e+03,3.129914999999999964e+03,3.205969000000000051e+03,3.340825000000000273e+03,3.061657000000000153e+03,3.489909999999999854e+03,3.374768000000000029e+03,3.292617999999999938e+03,3.248213999999999942e+03,1.136689999999999969e+02,3.252369000000000142e+03,3.408806000000000040e+03,3.355028999999999996e+03,3.223601000000000113e+03,6.563870000000000573e+02,2.726059999999999945e+02,3.223103000000000065e+03,3.264840000000000146e+03,3.370740000000000236e+03,3.336331000000000131e+03,3.199624000000000251e+03,1.818929000000000087e+03,3.395496000000000095e+03,3.389063999999999851e+03,3.252903000000000247e+03,3.298434000000000196e+03,3.302675999999999931e+03,3.299215999999999894e+03,9.312910000000000537e+02,9.223430000000000746e+02,8.310349999999999682e+02,1.399788000000000011e+03,3.412675999999999931e+03,3.389414000000000215e+03,2.224030999999999949e+03,2.400432999999999993e+03,8.069579999999999700e+02,8.719650000000000318e+02,3.269458000000000084e+03,2.413441000000000258e+03,3.198791999999999916e+03,3.261871000000000095e+03,3.286541999999999916e+03,3.356697000000000116e+03,3.337990000000000350e+02,3.208952000000000226e+03,3.240056000000000040e+03,9.017079999999999700e+02,3.197425000000000182e+03,3.516842999999999847e+03,1.822356999999999971e+03,3.207115999999999985e+03,3.312434999999999945e+03,3.160416999999999916e+03,3.293604000000000269e+03,3.190588999999999942e+03,9.173160000000000309e+02,3.265559000000000196e+03,3.245954999999999927e+03,3.158762000000000171e+03,3.241996999999999844e+03,3.154539999999999964e+03,3.320628000000000156e+03,9.118930000000000291e+02,7.417369999999999663e+02,3.418615000000000236e+03,3.233854000000000269e+03,2.599560000000000173e+02,1.901548999999999978e+03,3.084240999999999985e+03,3.270584000000000287e+03,3.236972000000000207e+03,3.282646000000000186e+03,9.271069999999999709e+02,3.135579000000000178e+03,3.378976000000000113e+03,6.133369999999999891e+02,3.204970000000000255e+03,8.463429999999999609e+02,3.222738000000000284e+03,3.350288000000000011e+03,3.136717999999999847e+03,9.022010000000000218e+02,3.578954000000000178e+03,9.353269999999999982e+02,3.158936999999999898e+03,3.295447000000000116e+03,3.221119000000000142e+03,2.252168999999999869e+03,3.386132000000000062e+03,3.539802999999999884e+03,2.103492999999999938e+03,3.045985999999999876e+03,9.062380000000000564e+02,4.807080000000000268e+02,1.869491999999999962e+03,3.351394999999999982e+03,3.389048999999999978e+03,8.538029999999999973e+02,3.251021000000000186e+03,3.332010999999999967e+03,9.386820000000000164e+02,3.320201000000000022e+03,3.293621000000000095e+03
3.097226999999999862e+03,1.444833000000000084e+03,1.425578999999999951e+03,0.000000000000000000e+00,1.312550999999999931e+03,3.478800999999999931e+03,3.454867999999999938e+03,3.724818999999999960e+03,3.307338000000000193e+03,3.227121000000000095e+03,1.191277000000000044e+03,3.604994999999999891e+03,3.368213000000000193e+03,1.258201999999999998e+03,3.664750000000000000e+03,3.251630000000000109e+03,3.305500000000000000e+03,3.369036000000000058e+03,1.392018000000000029e+03,3.397577999999999975e+03,3.593766000000000076e+03,3.006552000000000135e+03,3.238235000000000127e+03,1.389653999999999996e+03,1.399805000000000064e+03,3.542563000000000102e+03,3.189084000000000287e+03,3.563930000000000291e+03,3.429364000000000033e+03,3.125235999999999876e+03,3.561081000000000131e+03,3.428786000000000058e+03,3.589777000000000044e+03,3.609566000000000258e+03,1.395661000000000058e+03,3.366159000000000106e+03,3.708788000000000011e+03,3.285393000000000029e+03,3.421347999999999956e+03,1.186472999999999956e+03,1.420566000000000031e+03,3.035800000000000182e+03,3.367742999999999938e+03,3.751251000000000204e+03,3.346753999999999905e+03,3.556961999999999989e+03,1.422131000000000085e+03,3.608334000000000287e+03,3.663067000000000007e+03,3.042193000000000211e+03,3.086262999999999920e+03,3.357173000000000229e+03,3.670072999999999865e+03,1.376105999999999995e+03,1.227860000000000127e+03,1.263820999999999913e+03,8.927899999999999636e+01,3.464981000000000222e+03,3.442284000000000106e+03,1.899851000000000113e+03,2.016394000000000005e+03,1.396478000000000065e+03,1.193500999999999976e+03,3.065750000000000000e+03,2.054034000000000106e+03,3.554289999999999964e+03,3.028691000000000258e+03,3.214681000000000040e+03,3.733086999999999989e+03,1.390915999999999940e+03,3.025965000000000146e+03,3.040311999999999898e+03,1.259348999999999933e+03,3.545126999999999953e+03,3.390070000000000164e+03,1.418273000000000138e+03,3.401146000000000186e+03,3.523172000000000025e+03,3.510548999999999978e+03,3.475579999999999927e+03,3.010893000000000029e+03,1.212113000000000056e+03,3.323340999999999894e+03,3.065487000000000080e+03,3.217717999999999847e+03,3.110317000000000007e+03,3.509409999999999854e+03,3.350284000000000106e+03,1.166943999999999960e+03,1.401718000000000075e+03,3.340499000000000251e+03,3.040353000000000065e+03,1.412932000000000016e+03,1.467226000000000113e+03,2.840525000000000091e+03,3.325605000000000018e+03,3.595050000000000182e+03,3.501693000000000211e+03,1.228573000000000093e+03,3.487005000000000109e+03,3.540552000000000135e+03,1.390332000000000107e+03,3.022624000000000251e+03,1.374476000000000113e+03,3.034625000000000000e+03,2.987019999999999982e+03,3.195791000000000167e+03,1.285323000000000093e+03,3.408613000000000284e+03,1.403316000000000031e+03,3.510315000000000055e+03,3.071217999999999847e+03,3.581409999999999854e+03,1.916305000000000064e+03,3.437119000000000142e+03,3.365322999999999865e+03,1.802793000000000120e+03,3.109978000000000065e+03,1.412200000000000045e+03,1.395983999999999924e+03,1.437818999999999960e+03,3.726617000000000189e+03,3.546240999999999985e+03,1.365865000000000009e+03,3.483771000000000186e+03,3.702438000000000102e+03,1.228114000000000033e+03,3.692778999999999996e+03,3.347251999999999953e+03
3.215956999999999880e+03,1.731069999999999993e+02,8.977720000000000482e+02,1.312550999999999931e+03,0.000000000000000000e+00,3.624713999999999942e+03,3.597168000000000120e+03,3.870885999999999967e+03,3.565101000000000113e+03,3.589021000000000186e+03,2.210339999999999918e+02,3.751012000000000171e+03,3.500463000000000193e+03,7.089400000000000546e+01,3.810778000000000247e+03,3.377925999999999931e+03,3.447471000000000004e+03,3.511063999999999851e+03,8.781370000000000573e+02,3.539681000000000040e+03,3.771346000000000004e+03,3.624728000000000065e+03,3.594458000000000084e+03,8.461460000000000719e+02,8.419869999999999663e+02,3.688517000000000280e+03,3.244661000000000058e+03,3.709916999999999916e+03,3.575255999999999858e+03,3.173494000000000142e+03,3.772713000000000193e+03,3.541648000000000138e+03,3.735776000000000295e+03,3.755567000000000007e+03,8.599450000000000500e+02,3.512028000000000247e+03,3.854831000000000131e+03,3.641202999999999975e+03,3.563565000000000055e+03,8.900840000000000600e+02,8.388550000000000182e+02,3.656331000000000131e+03,3.505268000000000029e+03,3.897315000000000055e+03,3.477932000000000244e+03,3.702945000000000164e+03,2.510909999999999854e+03,3.754325000000000273e+03,3.809101000000000113e+03,3.151912000000000262e+03,3.543697000000000116e+03,3.416030000000000200e+03,3.816114000000000033e+03,9.056300000000000239e+01,1.058040000000000020e+02,1.055109999999999957e+02,1.230862000000000080e+03,3.524430000000000291e+03,3.501335000000000036e+03,2.839414000000000215e+03,2.107474999999999909e+03,8.724429999999999836e+02,1.802839999999999918e+02,3.720586999999999989e+03,2.148898000000000138e+03,3.700260999999999967e+03,3.135559999999999945e+03,3.573802999999999884e+03,3.879143000000000029e+03,9.142060000000000173e+02,3.637521000000000186e+03,3.151413000000000011e+03,8.268699999999999761e+01,3.691038000000000011e+03,3.866309999999999945e+03,2.519813999999999851e+03,3.543233999999999924e+03,3.669130999999999858e+03,3.656487000000000080e+03,3.621468000000000302e+03,3.615860999999999876e+03,1.203430000000000035e+02,3.375849000000000160e+03,3.178825000000000273e+03,3.272398000000000138e+03,3.229018000000000029e+03,3.655384000000000015e+03,3.604454999999999927e+03,3.065450000000000159e+02,8.870230000000000246e+02,3.709008000000000266e+03,3.152222000000000207e+03,9.194529999999999745e+02,2.619753999999999905e+03,3.587052999999999884e+03,3.384628999999999905e+03,3.741032000000000153e+03,3.647621000000000095e+03,1.147519999999999953e+02,3.632958000000000084e+03,3.686536000000000058e+03,8.427040000000000646e+02,3.632912000000000262e+03,8.870919999999999845e+02,3.656938999999999851e+03,3.074490999999999985e+03,3.251266000000000076e+03,3.133600000000000207e+01,3.980788000000000011e+03,1.208449999999999989e+02,3.656262999999999920e+03,3.769755999999999858e+03,3.727409000000000106e+03,2.877380000000000109e+03,3.500907000000000153e+03,3.947827000000000226e+03,2.702000000000000000e+03,3.158041000000000167e+03,1.320180000000000007e+02,8.305800000000000409e+02,2.586449000000000069e+03,3.872670000000000073e+03,3.692206000000000131e+03,7.879600000000000648e+01,3.629702999999999975e+03,3.848474999999999909e+03,9.760000000000000853e+01,3.838825000000000273e+03,3.408628999999999905e+03
3.375028000000000247e+03,3.616949000000000069e+03,3.339512999999999920e+03,3.478800999999999931e+03,3.624713999999999942e+03,0.000000000000000000e+00,6.399170000000000300e+02,2.828170000000000073e+02,1.822901000000000067e+03,3.676204999999999927e+03,3.561309999999999945e+03,1.544389999999999930e+02,3.465316000000000258e+03,3.652259000000000015e+03,2.485028000000000247e+03,3.463494999999999891e+03,3.035576000000000022e+03,6.691490000000000009e+02,3.415871000000000095e+03,6.601030000000000655e+02,8.243940000000000055e+02,3.379625000000000000e+03,3.305014999999999873e+03,3.470510999999999967e+03,3.559753000000000156e+03,7.515399999999999636e+01,2.652052999999999884e+03,2.270519999999999925e+02,1.462019999999999982e+02,2.688293000000000120e+03,8.277810000000000628e+02,1.280320000000000107e+02,5.425389999999999873e+02,1.649370000000000118e+02,3.370932000000000244e+03,1.146290000000000049e+02,8.204560000000000173e+02,8.020090000000000146e+02,6.479070000000000391e+02,3.312201000000000022e+03,3.444766000000000076e+03,3.746489000000000033e+03,3.485516000000000076e+03,5.367119999999999891e+02,3.462744999999999891e+03,2.558139999999999930e+02,3.230331000000000131e+03,5.086510000000000105e+02,2.038089999999999975e+02,3.467126000000000204e+03,2.259018000000000029e+03,1.967697000000000116e+03,2.136040000000000134e+02,3.673258000000000266e+03,3.668523000000000138e+03,3.519306000000000040e+03,3.567806000000000040e+03,2.694326000000000022e+03,2.598250000000000000e+03,3.646643000000000029e+03,3.429159999999999854e+03,3.505847000000000207e+03,3.609231999999999971e+03,3.390139999999999873e+03,3.456253999999999905e+03,3.525260999999999967e+03,3.534626000000000204e+03,2.731038000000000011e+03,3.444925999999999931e+03,3.157364000000000033e+03,3.654938000000000102e+03,3.531054000000000087e+03,3.649662000000000262e+03,3.531963000000000193e+03,1.303879000000000133e+03,3.221199000000000069e+03,6.614980000000000473e+02,1.377820000000000107e+02,2.887599999999999909e+02,7.909049999999999727e+02,3.446934000000000196e+03,3.671538000000000011e+03,2.587311999999999898e+03,3.488137000000000171e+03,2.585412000000000262e+03,3.538177999999999884e+03,2.629130000000000109e+02,7.821420000000000528e+02,3.648126999999999953e+03,3.440429000000000087e+03,2.595905000000000200e+03,3.223608999999999924e+03,3.365463000000000193e+03,3.239001999999999953e+03,3.111818999999999960e+03,3.524624000000000251e+03,2.627019999999999982e+02,1.338849999999999909e+02,3.688137000000000171e+03,2.362990000000000066e+02,1.705440000000000111e+02,3.419233000000000175e+03,3.084304000000000087e+03,3.552172000000000025e+03,3.034744999999999891e+03,3.484396000000000186e+03,3.559365000000000236e+03,3.604918999999999869e+03,3.450880000000000109e+03,3.668548000000000229e+03,3.504300000000000182e+03,3.409811000000000149e+03,3.517918999999999869e+03,3.555670000000000073e+03,3.588596000000000004e+03,3.821407000000000153e+03,3.553380000000000109e+03,2.742947999999999865e+03,3.635336999999999989e+03,3.427052000000000135e+03,3.442260000000000218e+03,8.094959999999999809e+02,5.351080000000000609e+02,3.565523000000000138e+03,5.367440000000000282e+02,5.311580000000000155e+02,3.687635999999999967e+03,2.433329999999999984e+02,3.565293999999999869e+03
3.296083000000000084e+03,3.587974999999999909e+03,3.259699000000000069e+03,3.454867999999999938e+03,3.597168000000000120e+03,6.399170000000000300e+02,0.000000000000000000e+00,8.443170000000000073e+02,1.795018000000000029e+03,3.651673000000000229e+03,3.535543999999999869e+03,7.349970000000000709e+02,3.397438000000000102e+03,3.622635000000000218e+03,2.405224000000000160e+03,3.393284000000000106e+03,2.956115999999999985e+03,9.543200000000000216e+01,3.336974999999999909e+03,6.201100000000000279e+01,8.373849999999999909e+02,3.501865000000000236e+03,3.427875000000000000e+03,3.520476000000000113e+03,3.541130000000000109e+03,6.738400000000000318e+02,2.267615000000000236e+03,6.999510000000000218e+02,6.249800000000000182e+02,2.302159999999999854e+03,8.407280000000000655e+02,6.163530000000000655e+02,7.167200000000000273e+02,7.234980000000000473e+02,3.366813999999999851e+03,6.143820000000000618e+02,8.255980000000000700e+02,8.011499999999999773e+02,1.859830000000000041e+02,3.262017000000000280e+03,3.525409999999999854e+03,3.630280000000000200e+03,3.406543999999999869e+03,8.507570000000000618e+02,3.390181000000000040e+03,6.961220000000000709e+02,3.351230000000000018e+03,7.153139999999999645e+02,7.711920000000000073e+02,3.392432999999999993e+03,1.733747000000000071e+03,1.385062000000000126e+03,7.813340000000000600e+02,3.644509000000000015e+03,3.641197999999999865e+03,3.494291000000000167e+03,3.541126000000000204e+03,2.310447999999999865e+03,2.205595000000000255e+03,3.618284000000000106e+03,3.350284000000000106e+03,3.427208000000000084e+03,3.586297000000000025e+03,3.510163000000000011e+03,3.377488000000000284e+03,3.445845000000000255e+03,3.457266000000000076e+03,2.355735999999999876e+03,3.365846000000000004e+03,3.279400000000000091e+03,3.628311000000000149e+03,3.452505000000000109e+03,3.624530000000000200e+03,3.453396999999999935e+03,1.313048999999999978e+03,3.342356000000000222e+03,1.887450000000000045e+02,6.729950000000000045e+02,6.585539999999999736e+02,7.896990000000000691e+02,3.565914999999999964e+03,3.646943999999999960e+03,2.195561000000000149e+03,3.412264999999999873e+03,2.191123000000000047e+03,3.460526000000000295e+03,6.799790000000000418e+02,7.791710000000000491e+02,3.620429000000000087e+03,3.361595000000000255e+03,2.202472000000000207e+03,3.144336999999999989e+03,3.285655999999999949e+03,3.360561999999999898e+03,3.233322999999999865e+03,3.527956999999999880e+03,7.057500000000000000e+02,6.514590000000000600e+02,3.662490000000000236e+03,6.632050000000000409e+02,6.927670000000000528e+02,3.541537000000000262e+03,3.205869999999999891e+03,3.473637000000000171e+03,3.157907000000000153e+03,3.408788000000000011e+03,3.568311000000000149e+03,3.573880999999999858e+03,3.571552999999999884e+03,3.638209000000000287e+03,3.424789000000000215e+03,3.529648000000000138e+03,3.438541000000000167e+03,3.527528999999999996e+03,3.589483000000000175e+03,3.657664000000000215e+03,3.525822000000000116e+03,2.365945999999999913e+03,3.607239000000000033e+03,3.434340999999999894e+03,3.564831999999999880e+03,8.184460000000000264e+02,6.819300000000000637e+02,3.540615000000000236e+03,6.510850000000000364e+02,7.890120000000000573e+02,3.659191000000000258e+03,7.957040000000000646e+02,3.570173000000000229e+03
3.378280999999999949e+03,3.863452000000000226e+03,3.343954999999999927e+03,3.724818999999999960e+03,3.870885999999999967e+03,2.828170000000000073e+02,8.443170000000000073e+02,0.000000000000000000e+00,1.829558999999999969e+03,3.921532999999999902e+03,3.807364000000000033e+03,1.390330000000000155e+02,3.471738000000000284e+03,3.898758000000000266e+03,2.488873000000000047e+03,3.469760999999999967e+03,3.039117999999999938e+03,8.934379999999999882e+02,3.419099000000000160e+03,8.782110000000000127e+02,8.294089999999999918e+02,3.588969000000000051e+03,3.514668000000000120e+03,3.606822000000000116e+03,3.628070999999999913e+03,2.165750000000000171e+02,2.934057999999999993e+03,2.311610000000000014e+02,3.310810000000000173e+02,2.970262999999999920e+03,8.327970000000000255e+02,3.645310000000000059e+02,5.392290000000000418e+02,1.687719999999999914e+02,3.456557000000000244e+03,3.924069999999999823e+02,8.259170000000000300e+02,8.077090000000000600e+02,8.606750000000000682e+02,3.352845000000000255e+03,3.613360000000000127e+03,4.008721000000000004e+03,3.490461999999999989e+03,5.348700000000000045e+02,3.468811000000000149e+03,2.597620000000000005e+02,3.441085000000000036e+03,5.055300000000000296e+02,8.140300000000000580e+01,3.472954999999999927e+03,2.507791999999999916e+03,2.213416000000000167e+03,1.223900000000000006e+02,3.919492000000000189e+03,3.914474999999999909e+03,3.765376999999999953e+03,3.814026000000000295e+03,2.976384000000000015e+03,2.879871000000000095e+03,3.892898000000000138e+03,3.434142000000000280e+03,3.508960000000000036e+03,3.854488000000000284e+03,3.600081000000000131e+03,3.459423000000000229e+03,3.528771999999999935e+03,3.540021000000000186e+03,3.013392000000000280e+03,3.448244999999999891e+03,3.368302999999999884e+03,3.900796000000000276e+03,3.534130000000000109e+03,3.895224000000000160e+03,3.535045000000000073e+03,1.299759999999999991e+03,3.431940000000000055e+03,8.787190000000000509e+02,2.312930000000000064e+02,2.925529999999999973e+02,7.955159999999999627e+02,3.656827000000000226e+03,3.916898999999999887e+03,2.868963999999999942e+03,3.493800000000000182e+03,2.866945999999999913e+03,3.543508000000000266e+03,2.671100000000000136e+02,7.880109999999999673e+02,3.894237000000000080e+03,3.443628999999999905e+03,2.877488000000000284e+03,3.227034000000000106e+03,3.369914000000000215e+03,3.449498000000000047e+03,3.323253999999999905e+03,3.764456999999999880e+03,2.665289999999999964e+02,2.589449999999999932e+02,3.933657000000000153e+03,2.648220000000000027e+02,2.080469999999999970e+02,3.628304000000000087e+03,3.295930000000000291e+03,3.555240999999999985e+03,3.246282000000000153e+03,3.490097999999999956e+03,3.797751000000000204e+03,3.851902000000000044e+03,3.660240999999999985e+03,3.915134000000000015e+03,3.507876000000000204e+03,3.619682000000000244e+03,3.521405999999999949e+03,3.802247000000000298e+03,3.828697000000000116e+03,4.090460000000000036e+03,3.799843000000000302e+03,3.025260000000000218e+03,3.881583000000000084e+03,3.527338000000000193e+03,3.651104000000000269e+03,8.150370000000000346e+02,5.339990000000000236e+02,3.811378000000000156e+03,5.354510000000000218e+02,5.283509999999999991e+02,3.933750000000000000e+03,2.468029999999999973e+02,3.804588999999999942e+03
3.465282000000000153e+03,3.737831999999999880e+03,3.065365999999999985e+03,3.307338000000000193e+03,3.565101000000000113e+03,1.822901000000000067e+03,1.795018000000000029e+03,1.829558999999999969e+03,0.000000000000000000e+00,3.504952000000000226e+03,3.389793000000000120e+03,1.859818999999999960e+03,2.396105000000000018e+03,3.494820999999999913e+03,2.575746999999999844e+03,2.453048999999999978e+03,3.096360000000000127e+03,1.777026000000000067e+03,3.507204999999999927e+03,1.812125000000000000e+03,1.181538999999999987e+03,3.226197999999999865e+03,3.151516000000000076e+03,3.572201000000000022e+03,3.688057999999999993e+03,1.829174999999999955e+03,2.480164999999999964e+03,1.756408000000000129e+03,1.808327999999999975e+03,2.516492999999999938e+03,1.198704999999999927e+03,1.839411000000000058e+03,1.804586999999999989e+03,1.780549999999999955e+03,3.098338000000000193e+03,1.787794000000000096e+03,1.192014000000000124e+03,1.309049999999999955e+03,1.756390000000000100e+03,3.392320999999999913e+03,3.250445000000000164e+03,3.568697000000000116e+03,3.007534999999999854e+03,1.790278999999999996e+03,2.523190000000000055e+03,1.756817000000000007e+03,3.076344000000000051e+03,1.849158000000000129e+03,1.841803000000000111e+03,2.617287000000000262e+03,2.130074000000000069e+03,1.843019000000000005e+03,1.789285000000000082e+03,3.655662000000000262e+03,3.497003999999999905e+03,3.505497000000000298e+03,3.396215000000000146e+03,2.522275999999999840e+03,2.427391999999999825e+03,3.475001999999999953e+03,2.946104000000000269e+03,3.617590000000000146e+03,3.438039000000000215e+03,3.236385000000000218e+03,3.558880999999999858e+03,3.519563000000000102e+03,2.870769999999999982e+03,2.558041999999999916e+03,3.506362000000000080e+03,3.003375000000000000e+03,3.483465999999999894e+03,3.650137000000000171e+03,3.482472999999999956e+03,3.649028999999999996e+03,9.502649999999999864e+02,3.067231000000000222e+03,1.748074000000000069e+03,1.822747000000000071e+03,1.758218000000000075e+03,1.179383000000000038e+03,3.293139000000000124e+03,3.500273999999999887e+03,2.416385000000000218e+03,2.713335000000000036e+03,2.414773999999999887e+03,2.900677999999999884e+03,1.743798999999999978e+03,1.195977000000000089e+03,3.476548000000000229e+03,3.536518000000000029e+03,2.425141000000000076e+03,3.287106999999999971e+03,3.084369999999999891e+03,3.085141000000000076e+03,2.957630000000000109e+03,3.355893000000000029e+03,1.760939000000000078e+03,1.808453999999999951e+03,3.516797000000000025e+03,1.752872000000000071e+03,1.854106999999999971e+03,3.338255999999999858e+03,2.962271000000000186e+03,3.670287000000000262e+03,2.950889000000000124e+03,2.706916999999999916e+03,3.391278999999999996e+03,3.535646999999999935e+03,3.297360000000000127e+03,3.685742000000000189e+03,3.482041000000000167e+03,3.256070000000000164e+03,3.520398000000000138e+03,3.383931000000000040e+03,3.419706999999999880e+03,3.641697999999999865e+03,3.381690000000000055e+03,2.570092000000000098e+03,3.696873000000000047e+03,3.389577000000000226e+03,3.289023000000000138e+03,1.746121000000000095e+03,1.841258000000000038e+03,3.643836999999999989e+03,1.799088999999999942e+03,1.770448000000000093e+03,3.516039999999999964e+03,1.779259000000000015e+03,3.396786000000000058e+03
3.499317000000000007e+03,3.751090000000000146e+03,3.300425999999999931e+03,3.227121000000000095e+03,3.589021000000000186e+03,3.676204999999999927e+03,3.651673000000000229e+03,3.921532999999999902e+03,3.504952000000000226e+03,0.000000000000000000e+00,3.379088000000000193e+03,3.802086999999999989e+03,3.556353000000000065e+03,3.524713999999999942e+03,3.861786000000000058e+03,3.433704000000000178e+03,3.502090000000000146e+03,3.565664999999999964e+03,3.542119000000000142e+03,3.594255999999999858e+03,3.790599999999999909e+03,8.632749999999999773e+02,8.645760000000000218e+02,3.603282999999999902e+03,3.707322000000000116e+03,3.739869999999999891e+03,3.226034999999999854e+03,3.761139999999999873e+03,3.626809000000000196e+03,3.226237000000000080e+03,3.758297000000000025e+03,3.593249000000000251e+03,3.786939000000000306e+03,3.806722999999999956e+03,3.333813000000000102e+03,3.563646000000000186e+03,3.905735000000000127e+03,3.483032000000000153e+03,3.618099999999999909e+03,3.429615999999999985e+03,3.413414999999999964e+03,7.190620000000000118e+02,3.560824000000000069e+03,3.947996000000000095e+03,3.533831999999999880e+03,3.754182000000000244e+03,2.286438999999999851e+03,3.805530000000000200e+03,3.860068999999999960e+03,3.206009000000000015e+03,3.249646000000000186e+03,3.274485000000000127e+03,3.867034000000000106e+03,3.675822999999999865e+03,3.496114000000000033e+03,3.535487000000000080e+03,3.264414000000000215e+03,3.089398999999999887e+03,2.922662000000000262e+03,1.792240999999999985e+03,3.301595000000000255e+03,3.644288000000000011e+03,3.417965000000000146e+03,8.587839999999999918e+02,3.588950000000000273e+03,3.751547000000000025e+03,3.331909999999999854e+03,2.763954000000000178e+03,3.929936999999999898e+03,3.129226999999999862e+03,6.932640000000000100e+02,3.673594000000000051e+03,3.509231000000000222e+03,3.742532999999999902e+03,3.511380000000000109e+03,2.317519999999999982e+03,3.597815000000000055e+03,3.720463999999999942e+03,3.707894000000000233e+03,3.673030999999999949e+03,8.454410000000000309e+02,3.487146000000000186e+03,3.234423999999999978e+03,3.235344000000000051e+03,2.793150000000000091e+03,3.347108000000000175e+03,3.706659000000000106e+03,3.547820000000000164e+03,3.306539999999999964e+03,3.569664000000000215e+03,2.787092000000000098e+03,3.330095000000000255e+03,3.324363000000000284e+03,2.443000000000000000e+03,1.125725000000000136e+03,8.069660000000000082e+02,3.792271999999999935e+03,3.699061999999999898e+03,3.483180000000000291e+03,3.684313999999999851e+03,3.737769999999999982e+03,3.383284999999999854e+03,9.357910000000000537e+02,3.694974999999999909e+03,9.659230000000000018e+02,3.223697000000000116e+03,8.057860000000000582e+02,3.563768000000000029e+03,8.558890000000000100e+02,3.702405000000000200e+03,3.707635000000000218e+03,9.562770000000000437e+02,3.778577999999999975e+03,1.835633000000000038e+03,8.023079999999999927e+02,8.176900000000000546e+02,1.752223999999999933e+03,2.804883000000000266e+03,3.712769000000000233e+03,3.496405999999999949e+03,2.436722999999999956e+03,3.923494000000000142e+03,3.743514999999999873e+03,3.665215999999999894e+03,3.681130999999999858e+03,3.899427000000000135e+03,3.509103000000000065e+03,3.889708000000000084e+03,8.077110000000000127e+02
3.164829999999999927e+03,3.939719999999999800e+02,8.554579999999999700e+02,1.191277000000000044e+03,2.210339999999999918e+02,3.561309999999999945e+03,3.535543999999999869e+03,3.807364000000000033e+03,3.389793000000000120e+03,3.379088000000000193e+03,0.000000000000000000e+00,3.687537000000000262e+03,3.443384000000000015e+03,1.509120000000000061e+02,3.747293999999999869e+03,3.323481000000000222e+03,3.385998000000000047e+03,3.449566000000000258e+03,8.387010000000000218e+02,3.478148000000000138e+03,3.676313999999999851e+03,3.405139999999999873e+03,3.384855000000000018e+03,8.202920000000000300e+02,8.176059999999999945e+02,3.625086000000000240e+03,3.055117999999999938e+03,3.646463999999999942e+03,3.511864000000000033e+03,2.984114000000000033e+03,3.643614000000000033e+03,3.478267000000000280e+03,3.672313999999999851e+03,3.692104000000000269e+03,8.239310000000000400e+02,3.448650000000000091e+03,3.791335000000000036e+03,3.431599000000000160e+03,3.501979000000000269e+03,8.481150000000000091e+02,8.133809999999999718e+02,3.436731999999999971e+03,3.445825000000000273e+03,3.833797000000000025e+03,3.421329000000000178e+03,3.639494999999999891e+03,2.306788000000000011e+03,3.690869000000000142e+03,3.745613000000000284e+03,3.104724999999999909e+03,3.322735000000000127e+03,3.227311000000000149e+03,3.752619999999999891e+03,3.115889999999999986e+02,1.185820000000000078e+02,1.616740000000000066e+02,1.201659000000000106e+03,3.336313000000000102e+03,3.313119000000000142e+03,2.623500000000000000e+03,2.068153000000000247e+03,8.345539999999999736e+02,5.200000000000000000e+01,3.500421000000000276e+03,2.107956999999999880e+03,3.636818999999999960e+03,3.089615000000000236e+03,3.363967000000000098e+03,3.815635000000000218e+03,8.500690000000000737e+02,3.418090000000000146e+03,3.103621000000000095e+03,1.384859999999999900e+02,3.627635000000000218e+03,3.651651000000000295e+03,2.316838000000000193e+03,3.481708000000000084e+03,3.605697000000000116e+03,3.593067000000000007e+03,3.558079000000000178e+03,3.396548000000000229e+03,1.114489999999999981e+02,3.187456999999999880e+03,3.130057999999999993e+03,3.083126000000000204e+03,3.177905000000000200e+03,3.591940000000000055e+03,3.432764000000000124e+03,8.762199999999999989e+01,8.461050000000000182e+02,3.499125000000000000e+03,3.104094000000000051e+03,8.749590000000000600e+02,2.421624000000000251e+03,3.366021000000000186e+03,3.195697000000000116e+03,3.677581999999999880e+03,3.584206999999999880e+03,1.273889999999999958e+02,3.569528000000000247e+03,3.623085000000000036e+03,8.183469999999999800e+02,3.413501999999999953e+03,8.456599999999999682e+02,3.437305000000000291e+03,3.036988000000000284e+03,3.061777000000000044e+03,1.917160000000000082e+02,3.762872000000000298e+03,3.417789999999999964e+02,3.592836000000000240e+03,3.549046000000000276e+03,3.663947999999999865e+03,2.662338999999999942e+03,3.312253999999999905e+03,3.729559999999999945e+03,2.484923000000000229e+03,2.968568000000000211e+03,3.529329999999999927e+02,7.988170000000000073e+02,2.388083999999999833e+03,3.809164999999999964e+03,3.628768000000000029e+03,2.997630000000000337e+02,3.566287000000000262e+03,3.784985000000000127e+03,1.307700000000000102e+02,3.775327000000000226e+03,3.219634000000000015e+03
3.448889000000000124e+03,3.743412000000000262e+03,3.415849999999999909e+03,3.604994999999999891e+03,3.751012000000000171e+03,1.544389999999999930e+02,7.349970000000000709e+02,1.390330000000000155e+02,1.859818999999999960e+03,3.802086999999999989e+03,3.687537000000000262e+03,0.000000000000000000e+00,3.534588999999999942e+03,3.778726000000000113e+03,2.560483999999999924e+03,3.534494000000000142e+03,3.110297000000000025e+03,7.763310000000000173e+02,3.489653999999999996e+03,7.635220000000000482e+02,8.274080000000000155e+02,3.487182999999999993e+03,3.412702000000000226e+03,3.544086000000000240e+03,3.632856000000000222e+03,1.575519999999999925e+02,2.795182999999999993e+03,3.030330000000000155e+02,1.927150000000000034e+02,2.831398000000000138e+03,8.308079999999999927e+02,2.265970000000000084e+02,5.403600000000000136e+02,2.405250000000000057e+02,3.447253999999999905e+03,2.550900000000000034e+02,8.310410000000000537e+02,8.163250000000000455e+02,7.480439999999999827e+02,3.386275000000000091e+03,3.521041000000000167e+03,3.880820999999999913e+03,3.561893000000000029e+03,5.348580000000000609e+02,3.535418000000000120e+03,3.315509999999999877e+02,3.338550999999999931e+03,5.031399999999999864e+02,6.072400000000000375e+01,3.541230000000000018e+03,2.382900999999999840e+03,2.089735000000000127e+03,1.942390000000000043e+02,3.799596000000000004e+03,3.794717000000000098e+03,3.645534000000000106e+03,3.694117999999999938e+03,2.837492999999999938e+03,2.741117000000000189e+03,3.772985999999999876e+03,3.505510999999999967e+03,3.579244999999999891e+03,3.735066000000000258e+03,3.498005999999999858e+03,3.529840999999999894e+03,3.599894000000000233e+03,3.610317000000000007e+03,2.874420000000000073e+03,3.518996000000000095e+03,3.265648000000000138e+03,3.781083000000000084e+03,3.604320000000000164e+03,3.775657000000000153e+03,3.605251999999999953e+03,1.290941000000000031e+03,3.329409000000000106e+03,7.643960000000000719e+02,1.037250000000000085e+02,3.642139999999999986e+02,8.099980000000000473e+02,3.554796000000000276e+03,3.797436000000000149e+03,2.730199000000000069e+03,3.562981000000000222e+03,2.728221000000000004e+03,3.614018000000000029e+03,3.390029999999999859e+02,8.006250000000000000e+02,3.774398000000000138e+03,3.514117999999999938e+03,2.738746999999999844e+03,3.297999000000000251e+03,3.441807000000000244e+03,3.347094000000000051e+03,3.220338000000000193e+03,3.647708000000000084e+03,3.382280000000000086e+02,1.333100000000000023e+02,3.814117999999999938e+03,3.123199999999999932e+02,6.959400000000000830e+01,3.526666000000000167e+03,3.192907999999999902e+03,3.625414999999999964e+03,3.143282000000000153e+03,3.559077999999999975e+03,3.681724999999999909e+03,3.731621000000000095e+03,3.558472999999999956e+03,3.795061000000000149e+03,3.579108999999999924e+03,3.517648999999999887e+03,3.592483999999999924e+03,3.682159999999999854e+03,3.711827999999999975e+03,3.959093000000000302e+03,3.679811999999999898e+03,2.886298999999999978e+03,3.761673999999999978e+03,3.502083000000000084e+03,3.549586000000000240e+03,8.187670000000000528e+02,5.333659999999999854e+02,3.691651000000000295e+03,5.349750000000000227e+02,5.301580000000000155e+02,3.813916000000000167e+03,3.181240000000000236e+02,3.688114000000000033e+03
