0.000000000000000000e+00,3.204704000000000178e+03,3.229094000000000051e+03,3.097226999999999862e+03,3.215956999999999880e+03,3.375028000000000247e+03,3.296083000000000084e+03,3.378280999999999949e+03,3.465282000000000153e+03,3.499317000000000007e+03,3.164829999999999927e+03,3.448889000000000124e+03,2.364523999999999887e+03,3.234298999999999978e+03,2.102244999999999891e+03,2.178782999999999902e+03,1.265841000000000122e+03,3.200726000000000113e+03,3.275597000000000207e+03,3.357865999999999985e+03,3.682293000000000120e+03,3.527360999999999876e+03,3.504976999999999862e+03,3.466153000000000247e+03,3.483363000000000284e+03,3.383238000000000284e+03,3.167335000000000036e+03,3.150211000000000240e+03,3.379755000000000109e+03,3.096249000000000251e+03,3.683619000000000142e+03,3.409181000000000040e+03,3.328994000000000142e+03,3.210673000000000229e+03,3.326307000000000244e+03,3.289941000000000258e+03,3.606503999999999905e+03,3.551722999999999956e+03,3.110789000000000215e+03,3.233936999999999898e+03,3.467880999999999858e+03,3.558952000000000226e+03,1.059781999999999925e+03,3.251219000000000051e+03,1.967187000000000126e+03,3.120827999999999975e+03,3.312597999999999956e+03,3.429317000000000007e+03,3.424047000000000025e+03,1.745191000000000031e+03,3.444195000000000164e+03,3.339197999999999865e+03,3.257179000000000087e+03,3.255751999999999953e+03,3.255818000000000211e+03,3.129809000000000196e+03,3.167846000000000004e+03,3.447954000000000178e+03,3.424800000000000182e+03,3.233101999999999862e+03,1.300057000000000016e+03,3.299858000000000175e+03,3.216077999999999975e+03,3.622521999999999935e+03,1.224958000000000084e+03,2.005425999999999931e+03,1.404110000000000127e+03,3.484164000000000215e+03,2.169581999999999880e+03,3.252028999999999996e+03,3.540327000000000226e+03,2.716750000000000114e+02,3.245563999999999851e+03,1.970143000000000029e+03,3.773255000000000109e+03,3.305342000000000098e+03,3.108927999999999884e+03,3.346036000000000058e+03,3.087334000000000287e+03,3.490340999999999894e+03,3.518793999999999869e+03,3.266782999999999902e+03,3.299195999999999913e+03,1.607391000000000076e+03,3.195230000000000018e+03,1.355490000000000009e+03,3.115465999999999894e+03,3.515079000000000178e+03,3.236427999999999884e+03,3.252018000000000029e+03,3.619343000000000302e+03,2.468679999999999950e+02,3.191327000000000226e+03,3.322188000000000102e+03,3.487155000000000200e+03,3.307671000000000276e+03,3.113405999999999949e+03,3.317463000000000193e+03,3.278483000000000175e+03,3.141275999999999840e+03,3.410371000000000095e+03,3.484003000000000156e+03,3.535740999999999985e+03,3.242974000000000160e+03,3.559519999999999982e+03,1.640236000000000104e+03,3.267913000000000011e+03,3.187726000000000113e+03,3.885075000000000273e+03,3.246720000000000255e+03,1.971489000000000033e+03,3.670856999999999971e+03,2.035997000000000071e+03,3.152635999999999967e+03,3.424124000000000251e+03,3.851791999999999916e+03,3.152367000000000189e+03,3.080740000000000236e+03,3.223778999999999996e+03,3.379827999999999975e+03,3.505346000000000004e+03,3.167238000000000284e+03,3.424155000000000200e+03,3.171170000000000073e+03,3.285914000000000215e+03,3.178175000000000182e+03,3.269563999999999851e+03,3.131775000000000091e+03,3.331639000000000124e+03
3.204704000000000178e+03,0.000000000000000000e+00,9.473350000000000364e+02,1.444833000000000084e+03,1.731069999999999993e+02,3.754735999999999876e+03,3.597246999999999844e+03,3.906512000000000171e+03,3.737970000000000255e+03,3.751090000000000146e+03,3.939719999999999800e+02,3.877184000000000196e+03,3.550593000000000302e+03,2.440010000000000048e+02,3.803204000000000178e+03,3.367027000000000044e+03,3.486244999999999891e+03,3.501815000000000055e+03,8.857910000000000537e+02,3.659257999999999811e+03,3.935547000000000480e+03,3.803491999999999734e+03,3.756249000000000251e+03,8.566040000000000418e+02,8.526960000000000264e+02,3.803076000000000022e+03,3.449090000000000146e+03,3.848376999999999953e+03,3.707335000000000036e+03,3.404695999999999913e+03,3.938149000000000342e+03,3.650586999999999989e+03,3.736750999999999749e+03,3.747934999999999945e+03,9.016879999999999882e+02,3.640106999999999971e+03,3.999869000000000142e+03,3.812436000000000149e+03,3.592557999999999993e+03,9.396009999999999991e+02,8.617609999999999673e+02,3.835068999999999960e+03,3.495914000000000215e+03,3.916648000000000138e+03,3.467356999999999971e+03,3.830947000000000116e+03,2.682507000000000517e+03,3.766788000000000011e+03,3.937742999999999938e+03,3.140394000000000233e+03,3.716228000000000065e+03,3.561231000000000222e+03,3.820199000000000069e+03,8.324000000000000909e+01,2.784250000000000114e+02,2.334579999999999984e+02,1.372204000000000178e+03,3.669072000000000116e+03,3.646074000000000069e+03,3.011865999999999985e+03,2.274293999999999869e+03,9.274429999999999836e+02,3.532610000000000241e+02,3.891961000000000240e+03,2.137195000000000164e+03,3.873367999999999938e+03,3.123985000000000127e+03,3.735795000000000073e+03,3.871652000000000044e+03,1.077359000000000151e+03,3.808083000000000084e+03,3.205244999999999891e+03,2.555790000000000077e+02,3.742757000000000062e+03,4.032360000000000127e+03,2.689527000000000044e+03,3.595851000000000113e+03,3.785505000000000109e+03,3.842817000000000007e+03,3.741816000000000258e+03,3.787038000000000466e+03,2.927219999999999800e+02,3.529610000000000127e+03,3.293000000000000000e+03,3.418153000000000247e+03,3.217764000000000124e+03,3.816119999999999891e+03,3.869080000000000382e+03,4.796400000000000432e+02,8.943089999999999691e+02,3.899903000000000247e+03,3.205706000000000131e+03,9.257839999999999918e+02,2.784199999999999818e+03,3.760850999999999658e+03,3.551246999999999844e+03,3.877476000000000113e+03,3.759807999999999993e+03,2.878400000000000318e+02,3.789630000000000109e+03,3.807590000000000146e+03,8.534170000000000300e+02,3.803451000000000022e+03,8.942459999999999809e+02,3.835592000000000098e+03,3.062773000000000138e+03,3.416666999999999916e+03,2.033019999999999925e+02,4.149807999999999993e+03,5.227600000000000335e+01,3.648545000000000073e+03,3.943686000000000149e+03,3.906846999999999753e+03,3.048257000000000062e+03,3.654746999999999844e+03,4.120787000000000262e+03,2.873918000000000120e+03,3.312507000000000062e+03,4.109700000000000131e+01,8.399239999999999782e+02,2.748034999999999854e+03,3.865166999999999916e+03,3.684514000000000124e+03,9.513400000000000034e+01,3.621963999999999942e+03,3.854579999999999927e+03,2.689689999999999941e+02,3.831300999999999931e+03,3.574918999999999869e+03
3.229094000000000051e+03,9.473350000000000364e+02,0.000000000000000000e+00,1.425578999999999951e+03,8.977720000000000482e+02,3.450675999999999931e+03,3.259699000000000069e+03,3.454784999999999854e+03,3.065365999999999985e+03,3.300425999999999931e+03,8.554579999999999700e+02,3.526658999999999651e+03,3.343211999999999989e+03,9.226580000000000155e+02,3.510594000000000051e+03,3.593858000000000175e+03,3.117177999999999884e+03,3.355130999999999858e+03,7.205270000000000437e+02,3.321710000000000036e+03,3.599500000000000000e+03,3.313586000000000240e+03,3.361750000000000000e+03,7.700109999999999673e+02,8.704379999999999882e+02,3.459449999999999818e+03,3.255738000000000284e+03,3.223623999999999796e+03,3.431516000000000076e+03,3.129146000000000186e+03,3.489909999999999854e+03,3.374768000000000029e+03,3.365807999999999993e+03,3.293335999999999785e+03,1.136689999999999969e+02,3.363126999999999953e+03,3.647319999999999709e+03,3.355028999999999996e+03,3.445873999999999796e+03,6.563870000000000573e+02,2.726960000000000264e+02,3.223103000000000065e+03,3.480773000000000138e+03,3.545705000000000382e+03,3.336331000000000131e+03,3.236753999999999905e+03,1.818929000000000087e+03,3.395845000000000255e+03,3.500283999999999651e+03,3.252903000000000247e+03,3.523441000000000258e+03,3.450552000000000135e+03,3.339427999999999884e+03,9.483810000000000855e+02,9.504089999999999918e+02,8.310349999999999682e+02,1.399788000000000011e+03,3.412675999999999931e+03,3.455599999999999909e+03,2.224030999999999949e+03,2.400432999999999993e+03,8.072509999999999764e+02,8.719650000000000318e+02,3.269458000000000084e+03,2.600846999999999753e+03,3.447166000000000167e+03,3.486293999999999869e+03,3.339019000000000233e+03,3.356697000000000116e+03,3.337990000000000350e+02,3.263838000000000193e+03,3.240056000000000040e+03,9.017079999999999700e+02,3.197425000000000182e+03,3.576836999999999989e+03,1.822356999999999971e+03,3.421621000000000095e+03,3.423024999999999636e+03,3.160416999999999916e+03,3.447892000000000280e+03,3.245220000000000255e+03,9.173160000000000309e+02,3.332400000000000091e+03,3.405509000000000015e+03,3.158762000000000171e+03,3.452920000000000073e+03,3.231864999999999782e+03,3.320628000000000156e+03,9.118930000000000291e+02,7.417369999999999663e+02,3.508250000000000000e+03,3.233854000000000269e+03,2.599560000000000173e+02,2.015252000000000180e+03,3.179791000000000167e+03,3.271297999999999774e+03,3.249433999999999742e+03,3.393348999999999705e+03,9.513290000000000646e+02,3.246817000000000007e+03,3.489668999999999869e+03,6.133369999999999891e+02,3.259807000000000244e+03,8.463429999999999609e+02,3.369911999999999807e+03,3.372650000000000091e+03,3.136717999999999847e+03,9.204569999999999936e+02,3.644145000000000437e+03,9.408850000000001046e+02,3.158936999999999898e+03,3.442320999999999913e+03,3.432847999999999956e+03,2.315266000000000076e+03,3.387956999999999880e+03,3.557914000000000215e+03,2.103492999999999938e+03,3.113516999999999825e+03,9.062380000000000564e+02,4.807080000000000268e+02,1.869491999999999962e+03,3.351394999999999982e+03,3.389048999999999978e+03,8.538029999999999973e+02,3.251021000000000186e+03,3.483637000000000171e+03,9.570259999999999536e+02,3.401224000000000160e+03,3.294969999999999800e+03
3.097226999999999862e+03,1.444833000000000084e+03,1.425578999999999951e+03,0.000000000000000000e+00,1.324619000000000142e+03,3.480788000000000011e+03,3.590614000000000033e+03,3.744027999999999793e+03,3.485494000000000142e+03,3.227121000000000095e+03,1.245500999999999976e+03,3.604994999999999891e+03,3.368213000000000193e+03,1.277060000000000173e+03,3.843166999999999916e+03,3.251630000000000109e+03,3.305500000000000000e+03,3.495182000000000244e+03,1.392018000000000029e+03,3.572976000000000113e+03,3.636160000000000309e+03,3.079259000000000015e+03,3.364476000000000113e+03,1.389653999999999996e+03,1.399805000000000064e+03,3.547981000000000222e+03,3.251827999999999975e+03,3.574429000000000087e+03,3.513624000000000251e+03,3.125235999999999876e+03,3.574753999999999905e+03,3.494766000000000076e+03,3.776862000000000080e+03,3.622764000000000124e+03,1.395661000000000058e+03,3.366159000000000106e+03,3.732144000000000233e+03,3.463528000000000247e+03,3.462010999999999967e+03,1.186472999999999956e+03,1.420566000000000031e+03,3.178269000000000233e+03,3.367742999999999938e+03,3.751251000000000204e+03,3.509157000000000153e+03,3.567128999999999905e+03,1.422131000000000085e+03,3.806899000000000342e+03,3.665719000000000051e+03,3.042193000000000211e+03,3.086262999999999920e+03,3.357173000000000229e+03,3.691230000000000018e+03,1.376105999999999995e+03,1.264230999999999995e+03,1.263820999999999913e+03,8.927899999999999636e+01,3.478663000000000011e+03,3.549630999999999858e+03,1.957312000000000126e+03,2.016394000000000005e+03,1.437177000000000135e+03,1.193500999999999976e+03,3.186247000000000298e+03,2.054034000000000106e+03,3.732635999999999967e+03,3.028691000000000258e+03,3.214681000000000040e+03,3.733086999999999989e+03,1.390915999999999940e+03,3.137237000000000080e+03,3.126403000000000247e+03,1.281584000000000060e+03,3.723407999999999902e+03,3.390070000000000164e+03,1.418273000000000138e+03,3.401146000000000186e+03,3.530097000000000207e+03,3.568869000000000142e+03,3.477548000000000229e+03,3.010893000000000029e+03,1.253889000000000124e+03,3.359847999999999956e+03,3.194798999999999978e+03,3.296701000000000022e+03,3.270197999999999865e+03,3.542172000000000025e+03,3.350284000000000106e+03,1.166943999999999960e+03,1.401718000000000075e+03,3.383912000000000262e+03,3.134711000000000240e+03,1.412932000000000016e+03,1.467226000000000113e+03,2.840525000000000091e+03,3.325605000000000018e+03,3.603528000000000247e+03,3.504856000000000222e+03,1.228573000000000093e+03,3.515682000000000244e+03,3.551722000000000207e+03,1.390332000000000107e+03,3.139761000000000422e+03,1.374476000000000113e+03,3.034625000000000000e+03,2.988610999999999876e+03,3.301715999999999894e+03,1.293283000000000129e+03,3.409818000000000211e+03,1.407169000000000096e+03,3.688635000000000218e+03,3.071217999999999847e+03,3.766114999999999782e+03,1.916305000000000064e+03,3.442324000000000069e+03,3.365322999999999865e+03,1.802793000000000120e+03,3.109978000000000065e+03,1.418249000000000024e+03,1.395983999999999924e+03,1.437818999999999960e+03,3.905072000000000116e+03,3.724581000000000131e+03,1.365865000000000009e+03,3.662075000000000273e+03,3.860089000000000397e+03,1.283031000000000176e+03,3.692778999999999996e+03,3.368090999999999894e+03
3.215956999999999880e+03,1.731069999999999993e+02,8.977720000000000482e+02,1.324619000000000142e+03,0.000000000000000000e+00,3.626788999999999760e+03,3.628898999999999887e+03,3.890173999999999978e+03,3.783201000000000022e+03,3.613193000000000211e+03,2.243860000000000241e+02,3.767317000000000007e+03,3.642202000000000226e+03,7.089400000000000546e+01,3.976311000000000149e+03,3.391913000000000011e+03,3.469906999999999698e+03,3.533467000000000098e+03,8.781370000000000573e+02,3.677521000000000186e+03,3.827556999999999789e+03,3.630505000000000109e+03,3.619203999999999724e+03,8.902830000000000155e+02,8.419869999999999663e+02,3.693981999999999971e+03,3.279503999999999905e+03,3.720429999999999836e+03,3.659625000000000000e+03,3.231708999999999833e+03,3.825057999999999993e+03,3.634248999999999796e+03,3.860414999999999964e+03,3.755567000000000007e+03,8.992019999999999982e+02,3.512159999999999854e+03,3.890020999999999731e+03,3.761235999999999876e+03,3.624210000000000036e+03,9.252070000000001073e+02,8.388550000000000182e+02,3.662082000000000335e+03,3.511280999999999949e+03,3.934010999999999967e+03,3.589800999999999931e+03,3.703000000000000000e+03,2.526869999999999891e+03,3.754375000000000000e+03,3.827918999999999869e+03,3.177691000000000258e+03,3.545420000000000073e+03,3.451697000000000116e+03,3.827831000000000131e+03,9.056300000000000239e+01,1.058040000000000020e+02,1.055109999999999957e+02,1.235340000000000146e+03,3.584444000000000415e+03,3.561164000000000215e+03,2.839899999999999636e+03,2.146347000000000207e+03,9.107069999999999936e+02,1.802839999999999918e+02,3.724510000000000218e+03,2.151016999999999825e+03,3.700260999999999967e+03,3.135559999999999945e+03,3.598148000000000138e+03,3.879150999999999840e+03,9.620979999999999563e+02,3.643663999999999760e+03,3.188906999999999698e+03,8.268699999999999761e+01,3.834365999999999985e+03,3.881981999999999971e+03,2.519813999999999851e+03,3.627503000000000156e+03,3.676097999999999956e+03,3.714869999999999891e+03,3.631967999999999847e+03,3.698871000000000095e+03,1.203430000000000035e+02,3.466320999999999913e+03,3.307463999999999942e+03,3.287002999999999702e+03,3.232119999999999891e+03,3.688172999999999774e+03,3.759231999999999971e+03,3.066530000000000200e+02,8.870230000000000246e+02,3.727523999999999887e+03,3.189367999999999938e+03,9.524170000000000300e+02,2.620353000000000065e+03,3.768173999999999978e+03,3.417525999999999840e+03,3.749528999999999996e+03,3.650856999999999971e+03,1.193810000000000002e+02,3.661682999999999993e+03,3.697722999999999956e+03,8.874940000000000282e+02,3.888106000000000222e+03,8.870919999999999845e+02,3.662605000000000473e+03,3.118564000000000306e+03,3.282945999999999913e+03,3.133600000000000207e+01,3.984525000000000091e+03,1.216260000000000048e+02,3.763811000000000149e+03,3.772507000000000517e+03,3.733739999999999782e+03,2.886724999999999909e+03,3.534184999999999945e+03,3.996893000000000484e+03,2.704128999999999905e+03,3.216117000000000189e+03,1.327060000000000173e+02,8.305800000000000409e+02,2.740742999999999938e+03,4.033550999999999931e+03,3.799708000000000084e+03,7.879600000000000648e+01,3.795070999999999913e+03,3.860536999999999807e+03,9.760000000000000853e+01,3.838840000000000146e+03,3.441197999999999865e+03
3.375028000000000247e+03,3.754735999999999876e+03,3.450675999999999931e+03,3.480788000000000011e+03,3.626788999999999760e+03,0.000000000000000000e+00,6.399170000000000300e+02,2.828170000000000073e+02,1.902423000000000002e+03,3.721281000000000404e+03,3.682951999999999771e+03,1.544389999999999930e+02,3.465316000000000258e+03,3.654955999999999676e+03,2.485038000000000011e+03,3.499221999999999753e+03,3.037713000000000193e+03,6.691490000000000009e+02,3.555840000000000146e+03,6.601030000000000655e+02,8.243940000000000055e+02,3.390865999999999985e+03,3.356458000000000084e+03,3.500329999999999927e+03,3.618550999999999931e+03,7.515399999999999636e+01,2.824259000000000015e+03,2.270519999999999925e+02,1.462019999999999982e+02,2.699346999999999753e+03,8.277810000000000628e+02,1.280320000000000107e+02,5.425389999999999873e+02,1.649370000000000118e+02,3.370932000000000244e+03,1.146290000000000049e+02,8.204560000000000173e+02,8.020090000000000146e+02,6.479070000000000391e+02,3.341536999999999807e+03,3.472266999999999825e+03,3.887938000000000102e+03,3.495961999999999989e+03,5.367119999999999891e+02,3.506456999999999880e+03,2.558139999999999930e+02,3.384721000000000458e+03,5.086510000000000105e+02,2.038089999999999975e+02,3.665734000000000378e+03,2.348632000000000062e+03,2.001804000000000087e+03,2.136040000000000134e+02,3.675399999999999636e+03,3.670495999999999640e+03,3.521277999999999793e+03,3.570067000000000007e+03,2.705163999999999760e+03,2.610110999999999876e+03,3.691594000000000051e+03,3.439224000000000160e+03,3.535840999999999894e+03,3.642244999999999891e+03,3.400167999999999665e+03,3.478181000000000040e+03,3.567005999999999858e+03,3.553403999999999996e+03,2.741045999999999822e+03,3.447224000000000160e+03,3.235366000000000440e+03,3.699944000000000415e+03,3.534488000000000284e+03,3.652102999999999611e+03,3.532322000000000116e+03,1.303879000000000133e+03,3.375587999999999738e+03,6.614980000000000473e+02,1.377820000000000107e+02,2.902590000000000146e+02,7.909049999999999727e+02,3.457054000000000087e+03,3.674349999999999909e+03,2.599112999999999829e+03,3.513128000000000156e+03,2.597458999999999833e+03,3.546409999999999854e+03,2.808770000000000095e+02,7.821420000000000528e+02,3.650076000000000022e+03,3.591494999999999891e+03,2.607844999999999800e+03,3.226019999999999982e+03,3.392947999999999865e+03,3.393375000000000000e+03,3.162977000000000317e+03,3.570527000000000044e+03,2.646209999999999809e+02,1.338849999999999909e+02,3.690502999999999702e+03,2.362990000000000066e+02,1.705440000000000111e+02,3.470753000000000156e+03,3.093829999999999927e+03,3.553250000000000000e+03,3.044320999999999913e+03,3.498887999999999920e+03,3.705106999999999971e+03,3.610699999999999818e+03,3.461311999999999898e+03,3.706462999999999738e+03,3.513257000000000062e+03,3.420077999999999975e+03,3.533527000000000044e+03,3.767221000000000004e+03,3.687246000000000095e+03,3.821451999999999771e+03,3.555284999999999854e+03,2.753079999999999927e+03,3.717542999999999665e+03,3.510709000000000287e+03,3.598086999999999989e+03,8.094959999999999809e+02,5.351080000000000609e+02,3.659870999999999640e+03,5.367440000000000282e+02,5.311580000000000155e+02,3.689662999999999556e+03,2.433329999999999984e+02,3.613012999999999920e+03
3.296083000000000084e+03,3.597246999999999844e+03,3.259699000000000069e+03,3.590614000000000033e+03,3.628898999999999887e+03,6.399170000000000300e+02,0.000000000000000000e+00,8.740300000000000864e+02,1.872458000000000084e+03,3.661096999999999753e+03,3.712556999999999789e+03,7.349970000000000709e+02,3.397438000000000102e+03,3.697661000000000058e+03,2.406007999999999811e+03,3.425414000000000215e+03,2.957438999999999851e+03,9.543200000000000216e+01,3.463743000000000393e+03,6.201100000000000279e+01,8.373849999999999909e+02,3.501865000000000236e+03,3.438969000000000051e+03,3.531474999999999909e+03,3.541130000000000109e+03,6.738400000000000318e+02,2.270465999999999894e+03,7.217609999999999673e+02,6.249800000000000182e+02,2.305088999999999942e+03,8.407280000000000655e+02,6.163530000000000655e+02,7.167200000000000273e+02,7.234980000000000473e+02,3.373367999999999938e+03,6.143820000000000618e+02,8.255980000000000700e+02,8.011499999999999773e+02,1.861750000000000114e+02,3.356970000000000255e+03,3.532394999999999982e+03,3.632476000000000113e+03,3.410851999999999862e+03,8.507570000000000618e+02,3.412549999999999727e+03,6.961220000000000709e+02,3.351230000000000018e+03,7.153139999999999645e+02,7.957210000000001173e+02,3.392432999999999993e+03,1.733747000000000071e+03,1.403711999999999989e+03,7.957620000000000573e+02,3.648969000000000051e+03,3.696932999999999993e+03,3.688695999999999913e+03,3.545708000000000084e+03,2.313309999999999945e+03,2.208675999999999931e+03,3.622771000000000186e+03,3.354221999999999753e+03,3.574688000000000557e+03,3.721998999999999796e+03,3.525150999999999840e+03,3.380165999999999713e+03,3.487975999999999658e+03,3.468208000000000084e+03,2.355735999999999876e+03,3.366553000000000338e+03,3.290601000000000113e+03,3.637656999999999698e+03,3.455634000000000015e+03,3.711585999999999785e+03,3.454817000000000462e+03,1.313048999999999978e+03,3.342356000000000222e+03,1.894680000000000177e+02,6.729950000000000045e+02,6.585539999999999736e+02,7.896990000000000691e+02,3.570231000000000222e+03,3.646943999999999960e+03,2.195561000000000149e+03,3.427875000000000455e+03,2.200025999999999840e+03,3.470521000000000186e+03,7.077830000000000155e+02,7.791710000000000491e+02,3.624934999999999945e+03,3.548791000000000167e+03,2.205577000000000226e+03,3.144824000000000069e+03,3.351132999999999811e+03,3.371653999999999996e+03,3.244545999999999822e+03,3.527956999999999880e+03,7.057500000000000000e+02,6.514590000000000600e+02,3.700987000000000080e+03,6.632050000000000409e+02,6.927670000000000528e+02,3.552494000000000142e+03,3.348402000000000044e+03,3.597244999999999891e+03,3.169304000000000087e+03,3.422793999999999869e+03,3.574126999999999953e+03,3.660234999999999673e+03,3.586295000000000073e+03,3.649522999999999683e+03,3.424800999999999931e+03,3.540485999999999876e+03,3.454496999999999844e+03,3.680108000000000175e+03,3.600163000000000011e+03,3.664829999999999927e+03,3.661396999999999935e+03,2.368628999999999905e+03,3.620894000000000233e+03,3.471442000000000007e+03,3.565103000000000065e+03,8.184460000000000264e+02,6.819300000000000637e+02,3.550103000000000065e+03,6.510850000000000364e+02,7.890120000000000573e+02,3.693864999999999782e+03,7.957040000000000646e+02,3.570442999999999756e+03
3.378280999999999949e+03,3.906512000000000171e+03,3.454784999999999854e+03,3.744027999999999793e+03,3.890173999999999978e+03,2.828170000000000073e+02,8.740300000000000864e+02,0.000000000000000000e+00,1.829558999999999969e+03,3.941119999999999891e+03,3.860876000000000204e+03,1.390330000000000155e+02,3.471738000000000284e+03,3.932733999999999924e+03,2.488986000000000331e+03,3.515806000000000040e+03,3.041822000000000116e+03,8.934379999999999882e+02,3.559949000000000069e+03,8.782110000000000127e+02,8.294089999999999918e+02,3.668644000000000233e+03,3.551735000000000127e+03,3.606822000000000116e+03,3.725043000000000120e+03,2.165750000000000171e+02,2.934057999999999993e+03,2.311610000000000014e+02,3.310810000000000173e+02,2.970990999999999985e+03,8.327970000000000255e+02,3.645310000000000059e+02,5.392290000000000418e+02,1.687719999999999914e+02,3.568453999999999724e+03,3.924069999999999823e+02,8.259170000000000300e+02,8.077090000000000600e+02,8.606750000000000682e+02,3.442703999999999724e+03,3.645775000000000091e+03,4.029358999999999924e+03,3.490461999999999989e+03,5.348700000000000045e+02,3.468811000000000149e+03,2.597620000000000005e+02,3.523179000000000087e+03,5.055300000000000296e+02,8.140300000000000580e+01,3.669805999999999585e+03,2.507791999999999916e+03,2.213416000000000167e+03,1.223900000000000006e+02,3.919797000000000025e+03,3.948273999999999887e+03,3.799056000000000040e+03,3.814026000000000295e+03,2.976384000000000015e+03,2.880456999999999880e+03,3.912938999999999851e+03,3.443333000000000084e+03,3.619786000000000058e+03,3.912876000000000204e+03,3.633703999999999724e+03,3.464414000000000215e+03,3.570954000000000178e+03,3.540021000000000186e+03,3.013392000000000280e+03,3.451333000000000084e+03,3.368302999999999884e+03,3.920115999999999985e+03,3.534130000000000109e+03,3.929880999999999858e+03,3.535791999999999916e+03,1.299759999999999991e+03,3.431940000000000055e+03,8.787190000000000509e+02,2.312930000000000064e+02,2.943679999999999950e+02,7.955159999999999627e+02,3.734832000000000335e+03,3.952128000000000156e+03,2.876891000000000076e+03,3.517199999999999818e+03,2.866945999999999913e+03,3.550244999999999891e+03,2.671100000000000136e+02,7.880109999999999673e+02,3.927854000000000269e+03,3.570782999999999902e+03,2.878059999999999945e+03,3.230128999999999905e+03,3.459266000000000076e+03,3.531833000000000084e+03,3.354893000000000029e+03,3.807025999999999840e+03,2.687300000000000182e+02,2.723430000000000177e+02,3.968280999999999949e+03,2.648220000000000027e+02,2.080469999999999970e+02,3.628304000000000087e+03,3.371608000000000175e+03,3.557085000000000036e+03,3.277856999999999971e+03,3.527411000000000058e+03,3.797751000000000204e+03,3.888478000000000065e+03,3.660240999999999985e+03,3.916633000000000266e+03,3.507876000000000204e+03,3.619682000000000244e+03,3.537475000000000364e+03,3.821703999999999724e+03,3.850533999999999651e+03,4.098126000000000204e+03,3.818844999999999800e+03,3.025260000000000218e+03,3.882169000000000324e+03,3.605494000000000142e+03,3.651104000000000269e+03,8.150370000000000346e+02,5.339990000000000236e+02,3.811378000000000156e+03,5.354510000000000218e+02,5.283509999999999991e+02,3.967440999999999804e+03,2.468029999999999973e+02,3.849511999999999716e+03
3.465282000000000153e+03,3.737970000000000255e+03,3.065365999999999985e+03,3.485494000000000142e+03,3.783201000000000022e+03,1.902423000000000002e+03,1.872458000000000084e+03,1.829558999999999969e+03,0.000000000000000000e+00,3.504952000000000226e+03,3.564170000000000073e+03,1.859818999999999960e+03,2.396105000000000018e+03,3.712307000000000244e+03,2.575746999999999844e+03,2.453048999999999978e+03,3.096360000000000127e+03,1.777026000000000067e+03,3.572268999999999778e+03,1.812125000000000000e+03,1.181538999999999987e+03,3.226197999999999865e+03,3.151516000000000076e+03,3.572201000000000022e+03,3.689548999999999978e+03,1.829174999999999955e+03,2.480164999999999964e+03,1.798508000000000038e+03,1.808327999999999975e+03,2.516492999999999938e+03,1.198704999999999927e+03,1.865076000000000022e+03,1.804586999999999989e+03,1.861548999999999978e+03,3.179034999999999854e+03,1.787794000000000096e+03,1.192014000000000124e+03,1.309049999999999955e+03,1.756390000000000100e+03,3.392320999999999913e+03,3.250445000000000164e+03,3.568697000000000116e+03,3.007534999999999854e+03,1.790278999999999996e+03,2.523190000000000055e+03,1.825561000000000149e+03,3.281463999999999942e+03,1.849158000000000129e+03,1.910961999999999989e+03,2.617287000000000262e+03,2.130074000000000069e+03,1.843019000000000005e+03,1.789285000000000082e+03,3.739016000000000076e+03,3.682280000000000200e+03,3.724803000000000338e+03,3.396215000000000146e+03,2.522275999999999840e+03,2.427391999999999825e+03,3.475166000000000167e+03,2.946104000000000269e+03,3.618130999999999858e+03,3.603836000000000240e+03,3.236385000000000218e+03,3.558880999999999858e+03,3.657714999999999691e+03,2.870769999999999982e+03,2.558041999999999916e+03,3.506362000000000080e+03,3.003375000000000000e+03,3.483465999999999894e+03,3.650137000000000171e+03,3.701629000000000360e+03,3.649028999999999996e+03,9.502649999999999864e+02,3.067231000000000222e+03,1.817255000000000109e+03,1.909023999999999887e+03,1.758218000000000075e+03,1.179383000000000038e+03,3.294563999999999851e+03,3.675619000000000142e+03,2.416385000000000218e+03,2.769893000000000029e+03,2.414773999999999887e+03,2.900677999999999884e+03,1.797450000000000045e+03,1.195977000000000089e+03,3.476548000000000229e+03,3.599471000000000004e+03,2.425141000000000076e+03,3.287106999999999971e+03,3.084369999999999891e+03,3.085141000000000076e+03,2.957630000000000109e+03,3.525858999999999924e+03,1.760939000000000078e+03,1.883054000000000087e+03,3.668348000000000411e+03,1.752872000000000071e+03,1.929413000000000011e+03,3.338255999999999858e+03,2.962271000000000186e+03,3.670287000000000262e+03,2.950889000000000124e+03,2.706916999999999916e+03,3.391278999999999996e+03,3.757415000000000418e+03,3.297360000000000127e+03,3.731519999999999982e+03,3.482041000000000167e+03,3.256070000000000164e+03,3.624235999999999876e+03,3.383931000000000040e+03,3.419706999999999880e+03,3.641697999999999865e+03,3.381690000000000055e+03,2.570092000000000098e+03,3.696873000000000047e+03,3.546074000000000069e+03,3.289023000000000138e+03,1.746121000000000095e+03,1.841258000000000038e+03,3.767664000000000215e+03,1.799088999999999942e+03,1.770448000000000093e+03,3.694940000000000055e+03,1.779259000000000015e+03,3.512710000000000036e+03
3.499317000000000007e+03,3.751090000000000146e+03,3.300425999999999931e+03,3.227121000000000095e+03,3.613193000000000211e+03,3.721281000000000404e+03,3.661096999999999753e+03,3.941119999999999891e+03,3.504952000000000226e+03,0.000000000000000000e+00,3.394161999999999807e+03,3.802086999999999989e+03,3.556353000000000065e+03,3.542298999999999978e+03,3.861786000000000058e+03,3.433704000000000178e+03,3.502090000000000146e+03,3.565664999999999964e+03,3.617297999999999774e+03,3.723107999999999720e+03,3.868619999999999891e+03,8.632749999999999773e+02,8.645760000000000218e+02,3.617420000000000073e+03,3.707322000000000116e+03,3.745738000000000284e+03,3.226034999999999854e+03,3.821331000000000131e+03,3.649997000000000298e+03,3.352626999999999953e+03,3.869364000000000033e+03,3.593249000000000251e+03,3.911570000000000164e+03,3.820378000000000156e+03,3.414094999999999800e+03,3.721856000000000222e+03,3.905735000000000127e+03,3.483032000000000153e+03,3.656407999999999902e+03,3.429615999999999985e+03,3.413414999999999964e+03,7.190620000000000118e+02,3.560824000000000069e+03,3.985166000000000167e+03,3.533831999999999880e+03,3.754182000000000244e+03,2.286438999999999851e+03,3.805530000000000200e+03,3.862811000000000149e+03,3.206009000000000015e+03,3.249646000000000186e+03,3.274485000000000127e+03,3.889861000000000331e+03,3.703756000000000313e+03,3.512271999999999935e+03,3.554795000000000073e+03,3.316400000000000091e+03,3.089398999999999887e+03,2.922662000000000262e+03,1.906742999999999938e+03,3.301595000000000255e+03,3.652377000000000407e+03,3.433827999999999975e+03,8.587839999999999918e+02,3.588950000000000273e+03,3.812056999999999789e+03,3.331909999999999854e+03,2.763954000000000178e+03,3.942563999999999851e+03,3.129226999999999862e+03,6.932640000000000100e+02,3.673594000000000051e+03,3.531621000000000095e+03,3.742532999999999902e+03,3.511380000000000109e+03,2.317519999999999982e+03,3.659701000000000022e+03,3.728167000000000371e+03,3.830519000000000233e+03,3.673030999999999949e+03,8.454410000000000309e+02,3.505610999999999876e+03,3.234423999999999978e+03,3.358614999999999782e+03,2.793150000000000091e+03,3.347108000000000175e+03,3.802151000000000295e+03,3.800295000000000073e+03,3.306539999999999964e+03,3.569664000000000215e+03,2.787092000000000098e+03,3.330095000000000255e+03,3.324363000000000284e+03,2.443000000000000000e+03,1.125725000000000136e+03,8.069660000000000082e+02,3.826002000000000407e+03,3.702470000000000255e+03,3.498340000000000146e+03,3.826871000000000095e+03,3.750252000000000407e+03,3.383284999999999854e+03,9.357910000000000537e+02,3.703732000000000426e+03,9.659230000000000018e+02,3.223697000000000116e+03,8.057860000000000582e+02,3.587407000000000153e+03,8.558890000000000100e+02,3.733907000000000153e+03,3.707635000000000218e+03,9.562770000000000437e+02,3.778577999999999975e+03,1.835633000000000038e+03,8.023079999999999927e+02,8.176900000000000546e+02,1.752223999999999933e+03,2.804883000000000266e+03,3.745085000000000036e+03,3.496405999999999949e+03,2.436722999999999956e+03,3.923494000000000142e+03,3.743514999999999873e+03,3.691451000000000022e+03,3.950354000000000269e+03,3.899427000000000135e+03,3.524931999999999789e+03,3.913232000000000426e+03,8.077110000000000127e+02
3.164829999999999927e+03,3.939719999999999800e+02,8.554579999999999700e+02,1.245500999999999976e+03,2.243860000000000241e+02,3.682951999999999771e+03,3.712556999999999789e+03,3.860876000000000204e+03,3.564170000000000073e+03,3.394161999999999807e+03,0.000000000000000000e+00,3.823480000000000018e+03,3.610257999999999811e+03,1.609089999999999918e+02,3.921780999999999949e+03,3.448076000000000022e+03,3.558324999999999818e+03,3.678567000000000007e+03,8.387010000000000218e+02,3.650545999999999822e+03,3.883719999999999800e+03,3.411473999999999705e+03,3.400172999999999774e+03,8.202920000000000300e+02,8.176059999999999945e+02,3.750144999999999982e+03,3.055117999999999938e+03,3.776592999999999847e+03,3.715788000000000011e+03,3.012677999999999884e+03,3.831637999999999920e+03,3.696929999999999836e+03,3.916577999999999975e+03,3.692104000000000269e+03,8.239310000000000400e+02,3.568322999999999865e+03,3.946183999999999742e+03,3.542204999999999927e+03,3.645395999999999731e+03,8.481150000000000091e+02,8.133809999999999718e+02,3.443050999999999931e+03,3.567443999999999960e+03,3.990173999999999978e+03,3.587597999999999956e+03,3.759163000000000011e+03,2.307838999999999942e+03,3.810538000000000011e+03,3.884081999999999880e+03,3.233854000000000269e+03,3.326389000000000124e+03,3.227311000000000149e+03,3.764368000000000393e+03,3.139830000000000041e+02,1.185820000000000078e+02,1.616740000000000066e+02,1.201659000000000106e+03,3.365413000000000011e+03,3.342172000000000025e+03,2.639617000000000189e+03,2.202510000000000218e+03,8.345539999999999736e+02,5.200000000000000000e+01,3.737288000000000011e+03,2.107956999999999880e+03,3.871901999999999589e+03,3.242067000000000007e+03,3.379116999999999734e+03,3.849710000000000036e+03,8.500690000000000737e+02,3.424632999999999811e+03,3.180326000000000022e+03,1.497930000000000064e+02,3.627635000000000218e+03,3.662951000000000022e+03,2.318087999999999738e+03,3.584530999999999949e+03,3.732260999999999967e+03,3.771032999999999902e+03,3.688130999999999858e+03,3.479839999999999691e+03,1.114489999999999981e+02,3.247289999999999964e+03,3.286204999999999927e+03,3.183808999999999742e+03,3.177905000000000200e+03,3.744335999999999785e+03,3.607168000000000120e+03,8.762199999999999989e+01,8.461050000000000182e+02,3.514208000000000084e+03,3.188634000000000015e+03,8.749590000000000600e+02,2.504161999999999807e+03,3.561395999999999731e+03,3.224807999999999993e+03,3.805692000000000007e+03,3.707019999999999982e+03,1.273889999999999958e+02,3.717846000000000004e+03,3.753885999999999967e+03,8.183469999999999800e+02,3.708509999999999764e+03,8.456599999999999682e+02,3.443574000000000069e+03,3.174727000000000317e+03,3.090228000000000065e+03,1.937170000000000130e+02,3.819702999999999520e+03,3.447330000000000041e+02,3.767289999999999964e+03,3.553476000000000113e+03,3.838422999999999774e+03,2.662338999999999942e+03,3.341052999999999884e+03,3.777862000000000080e+03,2.485097999999999956e+03,2.997085999999999785e+03,3.559100000000000250e+02,7.988170000000000073e+02,2.521711999999999989e+03,3.809164999999999964e+03,3.803230000000000018e+03,3.002669999999999959e+02,3.820468000000000302e+03,3.959473999999999705e+03,1.307700000000000102e+02,3.895003000000000156e+03,3.248480000000000018e+03
3.448889000000000124e+03,3.877184000000000196e+03,3.526658999999999651e+03,3.604994999999999891e+03,3.767317000000000007e+03,1.544389999999999930e+02,7.349970000000000709e+02,1.390330000000000155e+02,1.859818999999999960e+03,3.802086999999999989e+03,3.823480000000000018e+03,0.000000000000000000e+00,3.601480999999999767e+03,3.795483999999999924e+03,2.560783000000000357e+03,3.568042000000000371e+03,3.113695999999999913e+03,7.763310000000000173e+02,3.631822999999999865e+03,7.868280000000000882e+02,8.274080000000000155e+02,3.531394000000000233e+03,3.412702000000000226e+03,3.640858000000000175e+03,3.632856000000000222e+03,1.575519999999999925e+02,2.956952000000000226e+03,3.030349999999999682e+02,1.927630000000000052e+02,2.839875000000000000e+03,8.308079999999999927e+02,2.265970000000000368e+02,5.403600000000000136e+02,2.405280000000000200e+02,3.525371000000000095e+03,2.551570000000000391e+02,8.310410000000000537e+02,8.163250000000000455e+02,7.729440000000000737e+02,3.422025000000000091e+03,3.612795000000000073e+03,3.970336000000000240e+03,3.570958999999999833e+03,5.348580000000000609e+02,3.564590000000000146e+03,3.315590000000000259e+02,3.384146000000000186e+03,5.031399999999999864e+02,6.072400000000000375e+01,3.541230000000000018e+03,2.468744000000000142e+03,2.115500000000000000e+03,1.942390000000000043e+02,3.799596000000000004e+03,3.811023999999999887e+03,3.661806000000000040e+03,3.694273999999999887e+03,2.837492999999999938e+03,2.750639000000000124e+03,3.790159000000000106e+03,3.505510999999999967e+03,3.632817000000000462e+03,3.782773000000000138e+03,3.540059000000000196e+03,3.529840999999999894e+03,3.599894000000000233e+03,3.628400999999999840e+03,2.874420000000000073e+03,3.523207000000000335e+03,3.333931000000000495e+03,3.781083000000000084e+03,3.610471000000000458e+03,3.792630999999999858e+03,3.607318999999999960e+03,1.290941000000000031e+03,3.375012999999999920e+03,7.879640000000000555e+02,1.037250000000000085e+02,3.662419999999999618e+02,8.099980000000000473e+02,3.597582000000000335e+03,3.814878000000000156e+03,2.739641000000000076e+03,3.588726999999999862e+03,2.737987000000000080e+03,3.622001000000000204e+03,3.390099999999999909e+02,8.006250000000000000e+02,3.790604000000000269e+03,3.550104000000000269e+03,2.748373000000000047e+03,3.302002999999999702e+03,3.531139999999999873e+03,3.392800000000000182e+03,3.261542000000000371e+03,3.669092000000000098e+03,3.406039999999999850e+02,1.333100000000000023e+02,3.831030999999999949e+03,3.123199999999999932e+02,6.959400000000000830e+01,3.569318000000000211e+03,3.234358000000000175e+03,3.628841000000000349e+03,3.184849000000000160e+03,3.559077999999999975e+03,3.803672000000000025e+03,3.751228000000000065e+03,3.601840000000000146e+03,3.830659000000000106e+03,3.589002000000000407e+03,3.560606000000000222e+03,3.609272000000000389e+03,3.801025000000000091e+03,3.785811000000000149e+03,3.959093000000000302e+03,3.679811999999999898e+03,2.886298999999999978e+03,3.841739000000000033e+03,3.593107000000000426e+03,3.597512000000000171e+03,8.187670000000000528e+02,5.333659999999999854e+02,3.782050000000000182e+03,5.349750000000000227e+02,5.301580000000000155e+02,3.830190999999999804e+03,3.183300000000000409e+02,3.711577999999999975e+03
