0.000000000000000000e+00,3.204704000000000178e+03,3.229094000000000051e+03,3.097226999999999862e+03,3.215956999999999880e+03,3.375028000000000247e+03,3.296083000000000084e+03,3.378280999999999949e+03,3.465282000000000153e+03,3.499317000000000007e+03,3.164829999999999927e+03,3.448889000000000124e+03,2.364523999999999887e+03,3.234298999999999978e+03,2.102244999999999891e+03,2.178782999999999902e+03,1.265841000000000122e+03,3.200726000000000113e+03,3.275597000000000207e+03,3.357865999999999985e+03,3.682293000000000120e+03,3.527360999999999876e+03,3.504976999999999862e+03,3.466153000000000247e+03,3.483363000000000284e+03,3.383238000000000284e+03,3.167335000000000036e+03,3.150211000000000240e+03,3.379755000000000109e+03,3.096249000000000251e+03,3.683619000000000142e+03,3.409181000000000040e+03,3.328994000000000142e+03,3.210673000000000229e+03,3.326307000000000244e+03,3.289941000000000258e+03,3.606503999999999905e+03,3.551722999999999956e+03,3.110789000000000215e+03,3.233936999999999898e+03,3.467880999999999858e+03,3.558952000000000226e+03,1.059781999999999925e+03,3.251219000000000051e+03,1.967187000000000126e+03,3.120827999999999975e+03,3.312597999999999956e+03,3.429317000000000007e+03,3.424047000000000025e+03,1.745191000000000031e+03,3.444195000000000164e+03,3.339197999999999865e+03,3.257179000000000087e+03,3.255751999999999953e+03,3.255818000000000211e+03,3.129809000000000196e+03,3.167846000000000004e+03,3.447954000000000178e+03,3.424800000000000182e+03,3.233101999999999862e+03,1.300057000000000016e+03,3.299858000000000175e+03,3.216077999999999975e+03,3.622521999999999935e+03,1.224958000000000084e+03,2.005425999999999931e+03,1.404110000000000127e+03,3.484164000000000215e+03,2.169581999999999880e+03,3.252028999999999996e+03,3.540327000000000226e+03,2.716750000000000114e+02,3.245563999999999851e+03,1.970143000000000029e+03,3.773255000000000109e+03,3.305342000000000098e+03,3.108927999999999884e+03,3.346036000000000058e+03,3.087334000000000287e+03,3.490340999999999894e+03,3.518793999999999869e+03,3.266782999999999902e+03,3.299195999999999913e+03,1.607391000000000076e+03,3.195230000000000018e+03,1.355490000000000009e+03,3.115465999999999894e+03,3.515079000000000178e+03,3.236427999999999884e+03,3.252018000000000029e+03,3.619343000000000302e+03,2.468679999999999950e+02,3.191327000000000226e+03,3.322188000000000102e+03,3.487155000000000200e+03,3.307671000000000276e+03,3.113405999999999949e+03,3.317463000000000193e+03,3.278483000000000175e+03,3.141275999999999840e+03,3.410371000000000095e+03,3.484003000000000156e+03,3.535740999999999985e+03,3.242974000000000160e+03,3.559519999999999982e+03,1.640236000000000104e+03,3.267913000000000011e+03,3.187726000000000113e+03,3.885075000000000273e+03,3.246720000000000255e+03,1.971489000000000033e+03,3.670856999999999971e+03,2.035997000000000071e+03,3.152635999999999967e+03,3.424124000000000251e+03,3.851791999999999916e+03,3.152367000000000189e+03,3.080740000000000236e+03,3.223778999999999996e+03,3.379827999999999975e+03,3.505346000000000004e+03,3.167238000000000284e+03,3.424155000000000200e+03,3.171170000000000073e+03,3.285914000000000215e+03,3.178175000000000182e+03,3.269563999999999851e+03,3.131775000000000091e+03,3.331639000000000124e+03
3.204704000000000178e+03,0.000000000000000000e+00,9.473350000000000364e+02,1.460999000000000024e+03,1.731069999999999993e+02,3.999728000000000065e+03,3.597246999999999844e+03,3.942588999999999942e+03,4.579364999999999782e+03,4.489043999999999869e+03,4.053069999999999595e+02,4.071016999999999825e+03,3.550593000000000302e+03,2.440010000000000048e+02,4.176421999999999571e+03,3.870144000000000233e+03,4.449891999999999825e+03,3.501815000000000055e+03,1.087430000000000064e+03,3.659257999999999811e+03,4.578230999999999767e+03,4.080614000000000487e+03,4.211037000000000262e+03,1.007163999999999987e+03,8.889429999999999836e+02,3.984546000000000276e+03,4.405729000000000269e+03,3.878903999999999996e+03,3.940568999999999960e+03,4.532320999999999913e+03,4.468640999999999622e+03,3.997317000000000007e+03,4.035449999999999818e+03,3.747934999999999945e+03,9.958520000000000891e+02,4.004539999999999964e+03,4.626050999999999476e+03,4.174519000000000233e+03,3.592557999999999993e+03,9.396009999999999991e+02,1.154879000000000133e+03,4.397596999999999753e+03,4.264485999999999876e+03,3.993041000000000167e+03,4.127671000000000276e+03,3.890213000000000193e+03,3.107161999999999807e+03,4.141489999999999782e+03,4.023991999999999734e+03,3.364904000000000451e+03,3.738424999999999727e+03,4.332735000000000582e+03,3.820199000000000069e+03,1.068070000000000022e+02,2.784250000000000114e+02,2.927239999999999895e+02,1.378029999999999973e+03,4.369174000000000888e+03,3.748377000000000407e+03,3.011865999999999985e+03,4.504761000000000422e+03,1.095951000000000022e+03,3.533069999999999595e+02,4.257372000000000298e+03,4.429662000000000262e+03,3.992498000000000047e+03,3.750334000000000287e+03,4.221628999999999905e+03,4.189962999999999738e+03,1.100826999999999998e+03,4.208362000000000080e+03,3.476379000000000360e+03,2.557939999999999827e+02,3.742757000000000062e+03,4.786032000000000153e+03,2.845735999999999876e+03,3.653422999999999774e+03,3.934778999999999996e+03,3.964117999999999938e+03,4.272307999999999993e+03,4.012248000000000502e+03,2.947180000000000177e+02,4.525963999999999942e+03,3.517510000000000218e+03,3.460110000000000127e+03,3.802099000000000160e+03,3.892670000000000073e+03,4.399572000000000116e+03,4.796419999999999959e+02,1.172478000000000065e+03,4.390859999999999673e+03,3.451572000000000116e+03,9.257839999999999918e+02,2.923351999999999862e+03,4.147193999999999505e+03,3.551246999999999844e+03,3.916472999999999956e+03,3.865842999999999847e+03,3.088050000000000068e+02,3.937248000000000047e+03,4.001422999999999774e+03,8.534170000000000300e+02,4.330375000000000000e+03,1.060199000000000069e+03,4.583873000000000502e+03,4.003591000000000349e+03,3.416666999999999916e+03,2.033019999999999925e+02,4.653118000000000393e+03,7.574399999999999977e+01,4.061439000000000306e+03,4.340619000000000597e+03,4.025976999999999862e+03,3.067645999999999731e+03,3.686735999999999876e+03,4.144354000000000269e+03,2.873918000000000120e+03,3.646833000000000084e+03,4.109700000000000131e+01,9.635120000000000573e+02,3.120121999999999844e+03,4.214471999999999753e+03,4.361605999999999767e+03,9.513400000000000034e+01,4.001884000000000015e+03,3.884202999999999975e+03,2.807289999999999850e+02,3.964668999999999869e+03,3.593732999999999720e+03
3.229094000000000051e+03,9.473350000000000364e+02,0.000000000000000000e+00,1.819767000000000053e+03,9.935520000000000209e+02,3.998505000000000109e+03,4.172685999999999694e+03,4.067536000000000058e+03,4.441265999999999622e+03,4.131201000000000022e+03,1.114951000000000022e+03,4.065145999999999731e+03,4.415734000000000378e+03,9.226580000000000155e+02,3.510594000000000051e+03,4.173935999999999694e+03,4.494935000000000400e+03,4.268117999999999483e+03,8.227989999999999782e+02,4.204085000000000036e+03,4.243846999999999753e+03,3.313586000000000240e+03,3.937169000000000324e+03,8.690650000000000546e+02,9.872860000000000582e+02,4.015317000000000462e+03,4.191873000000000502e+03,4.116511000000000422e+03,4.010430000000000291e+03,4.318465000000000146e+03,4.284256999999999607e+03,4.067178000000000338e+03,3.455965999999999894e+03,4.070635000000000218e+03,1.136689999999999969e+02,4.112594999999999345e+03,4.126846999999999753e+03,3.407490999999999985e+03,4.304534999999999854e+03,9.077370000000000800e+02,2.726960000000000264e+02,3.609761999999999716e+03,4.288876000000000204e+03,3.716050999999999931e+03,4.431462999999999738e+03,4.049362000000000080e+03,2.224979000000000269e+03,3.562005999999999858e+03,4.106983000000000175e+03,4.186489999999999782e+03,4.430262999999999920e+03,3.450552000000000135e+03,3.998371000000000095e+03,9.719480000000000928e+02,9.649850000000000136e+02,1.114309999999999945e+03,1.730488000000000056e+03,4.080163000000000466e+03,4.569962999999999738e+03,2.224030999999999949e+03,4.529150999999999840e+03,9.090439999999999827e+02,1.062951000000000022e+03,3.486947000000000116e+03,4.454051999999999680e+03,4.372721999999999753e+03,4.571919999999999163e+03,3.973645999999999731e+03,4.359466999999999643e+03,3.337990000000000350e+02,3.437936999999999898e+03,3.500769000000000233e+03,9.801230000000000473e+02,4.354720000000000255e+03,3.903849000000000160e+03,1.963553000000000111e+03,4.243670000000000073e+03,3.994998000000000047e+03,4.072840999999999894e+03,4.245257000000000517e+03,3.245220000000000255e+03,9.733750000000000000e+02,4.339056999999999789e+03,4.339095999999999549e+03,3.444693000000000211e+03,4.538343000000000757e+03,4.001393000000000029e+03,4.117993000000000393e+03,1.158416999999999916e+03,8.626980000000000928e+02,3.804414999999999964e+03,3.475961999999999989e+03,2.599560000000000173e+02,2.041169000000000096e+03,3.394814000000000306e+03,4.171371000000000095e+03,4.087226000000000113e+03,3.993005000000000109e+03,1.000643000000000029e+03,4.045971000000000004e+03,4.046483999999999924e+03,8.664110000000000582e+02,3.542539999999999964e+03,8.463429999999999609e+02,3.816845000000000255e+03,3.581783000000000357e+03,4.139090000000000146e+03,1.024887999999999920e+03,3.882693000000000211e+03,9.408850000000001046e+02,4.036038000000000011e+03,3.573591000000000349e+03,4.406201000000000022e+03,2.315266000000000076e+03,4.055322000000000116e+03,3.944572999999999865e+03,2.103492999999999938e+03,3.631416000000000167e+03,9.062380000000000564e+02,5.797620000000000573e+02,2.237939000000000306e+03,4.216395999999999731e+03,3.767034999999999854e+03,9.770289999999999964e+02,3.570752999999999702e+03,3.607212999999999738e+03,9.593859999999999673e+02,4.113665999999999258e+03,4.148324999999999818e+03
3.097226999999999862e+03,1.460999000000000024e+03,1.819767000000000053e+03,0.000000000000000000e+00,1.324619000000000142e+03,4.176273000000001048e+03,3.648185999999999694e+03,4.387856000000000677e+03,3.485494000000000142e+03,3.897778999999999996e+03,1.290938000000000102e+03,4.258671000000000276e+03,3.368213000000000193e+03,1.395513000000000147e+03,4.727618000000000393e+03,3.687764000000000124e+03,4.363068000000000211e+03,3.552753999999999905e+03,1.907128999999999905e+03,3.710196999999999662e+03,4.644604000000000269e+03,3.079259000000000015e+03,3.702842000000000098e+03,1.486996000000000095e+03,1.605217000000000098e+03,4.101119000000000597e+03,3.251827999999999975e+03,4.218349000000000160e+03,4.250283000000000357e+03,3.125235999999999876e+03,4.535014000000000124e+03,4.253608000000000175e+03,4.188850000000000364e+03,4.299774000000000342e+03,1.933436000000000149e+03,4.262567999999999302e+03,4.593277000000000044e+03,4.506790999999999258e+03,3.462010999999999967e+03,1.186472999999999956e+03,1.821514000000000124e+03,3.178717000000000098e+03,4.157009000000000015e+03,4.368747000000000298e+03,3.945291000000000167e+03,4.159928000000000793e+03,1.847893000000000029e+03,4.294890000000000327e+03,4.319395000000000437e+03,3.765628000000000156e+03,4.803195999999999913e+03,4.477452000000000226e+03,4.265466000000000349e+03,1.413649000000000115e+03,1.430423000000000229e+03,1.263820999999999913e+03,8.927899999999999636e+01,3.799311000000000149e+03,4.260359000000000378e+03,2.576337000000000444e+03,4.099158000000000357e+03,1.806416999999999916e+03,1.342938000000000102e+03,3.514291999999999916e+03,4.322184999999999491e+03,3.930551999999999680e+03,4.120345000000000255e+03,4.090686999999999898e+03,3.733086999999999989e+03,1.485968000000000075e+03,3.756262000000000171e+03,3.368902000000000044e+03,1.407306000000000040e+03,4.180292999999999665e+03,4.435759000000000015e+03,1.586467000000000098e+03,3.401146000000000186e+03,4.241730000000000473e+03,4.083591000000000349e+03,4.338681000000000495e+03,3.010893000000000029e+03,1.432514000000000124e+03,3.476974000000000160e+03,3.887521000000000186e+03,3.296701000000000022e+03,4.083501000000000204e+03,4.155039000000000669e+03,4.211417000000000371e+03,1.378560000000000173e+03,1.877783999999999878e+03,4.259917999999999665e+03,3.344094999999999800e+03,1.791419000000000096e+03,1.861864000000000033e+03,3.523818999999999960e+03,4.314443999999999505e+03,4.180779999999999745e+03,4.237865000000000691e+03,1.460317000000000007e+03,4.199617000000001099e+03,4.274595000000000255e+03,1.721131000000000085e+03,3.376295000000000073e+03,1.743715999999999894e+03,3.582518000000000029e+03,3.126941000000000258e+03,4.212212999999999738e+03,1.293283000000000129e+03,3.817918000000000120e+03,1.444712000000000216e+03,4.056516000000000076e+03,3.339264000000000124e+03,3.897072999999999865e+03,2.633754000000000360e+03,4.422792000000000371e+03,3.513528000000000247e+03,2.421818000000000211e+03,3.109978000000000065e+03,1.436655999999999949e+03,1.750243999999999915e+03,1.860853000000000065e+03,4.309827000000000226e+03,4.109328999999999724e+03,1.365865000000000009e+03,4.074063000000000102e+03,4.340097000000000662e+03,1.432241000000000213e+03,4.324398000000000138e+03,4.329789000000000669e+03
3.215956999999999880e+03,1.731069999999999993e+02,9.935520000000000209e+02,1.324619000000000142e+03,0.000000000000000000e+00,4.007359999999999673e+03,3.628898999999999887e+03,3.950221000000000004e+03,4.565006999999999607e+03,4.359702999999999520e+03,2.322839999999999918e+02,4.078649000000000342e+03,3.659083000000000084e+03,7.089400000000000546e+01,4.203055000000000291e+03,3.978634000000000015e+03,4.481797999999999774e+03,3.533467000000000098e+03,1.017187000000000012e+03,3.690909999999999854e+03,4.626096999999999753e+03,4.018072000000000116e+03,4.081695999999999913e+03,9.928060000000000400e+02,9.974329999999999927e+02,3.992178000000000338e+03,4.232622000000000298e+03,3.785395999999999731e+03,3.948201000000000022e+03,4.359213999999999942e+03,4.516506999999999607e+03,4.004949000000000069e+03,3.943563999999999851e+03,3.755567000000000007e+03,1.040747000000000071e+03,3.940458999999999833e+03,4.662846000000000458e+03,4.111976999999999862e+03,3.624210000000000036e+03,9.857630000000000337e+02,9.851440000000000055e+02,4.225630999999999403e+03,4.275738999999999578e+03,3.969375000000000000e+03,4.109328000000000429e+03,3.718246999999999844e+03,2.993954000000000178e+03,4.049603999999999814e+03,4.031623999999999796e+03,3.192938000000000102e+03,3.565317999999999756e+03,4.377630000000000109e+03,3.827831000000000131e+03,1.517019999999999982e+02,1.058040000000000020e+02,1.207579999999999956e+02,1.235340000000000146e+03,4.197208000000000538e+03,3.576411000000000058e+03,2.839899999999999636e+03,4.516014000000000124e+03,9.497930000000000064e+02,1.802839999999999918e+02,4.145545999999999367e+03,4.440914999999999964e+03,4.100988000000000284e+03,3.578367999999999938e+03,4.080988999999999578e+03,4.298453000000000429e+03,1.038285000000000082e+03,4.096536000000000058e+03,3.487632000000000062e+03,8.268699999999999761e+01,3.851246999999999844e+03,4.616297000000000480e+03,2.732528000000000247e+03,3.685074999999999818e+03,3.942411000000000058e+03,3.794583999999999833e+03,4.445414999999999964e+03,3.949706000000000131e+03,1.216110000000000042e+02,4.379805999999999585e+03,3.345543999999999869e+03,3.287002999999999702e+03,3.630132999999999811e+03,3.766215999999999894e+03,4.495345999999999549e+03,3.066530000000000200e+02,1.016384000000000015e+03,4.250219999999999345e+03,3.462824999999999818e+03,9.524170000000000300e+02,2.968247000000000298e+03,3.974171000000000276e+03,3.421905999999999949e+03,3.790067000000000007e+03,3.873474999999999909e+03,1.356980000000000075e+02,3.790935999999999694e+03,4.009055000000000291e+03,1.026524000000000115e+03,4.158408999999999651e+03,8.870919999999999845e+02,4.501392999999999120e+03,3.831625000000000000e+03,3.287326000000000022e+03,3.133600000000000207e+01,4.541291999999999462e+03,1.827649999999999864e+02,4.169929000000000087e+03,4.278077000000000226e+03,4.134467000000000553e+03,2.894623000000000047e+03,3.557394999999999982e+03,4.189248999999999796e+03,2.762091999999999643e+03,3.473725999999999658e+03,1.495869999999999891e+02,1.008407000000000039e+03,3.006914000000000215e+03,4.041449000000000069e+03,4.369417000000000371e+03,7.879600000000000648e+01,3.828777000000000044e+03,3.860536999999999807e+03,1.076220000000000141e+02,3.854086999999999989e+03,3.464391999999999825e+03
3.375028000000000247e+03,3.999728000000000065e+03,3.998505000000000109e+03,4.176273000000001048e+03,4.007359999999999673e+03,0.000000000000000000e+00,7.221140000000000327e+02,2.828170000000000073e+02,2.012470000000000255e+03,4.509984000000000378e+03,3.943897000000000389e+03,2.327059999999999889e+02,3.615416999999999916e+03,4.078253999999999905e+03,3.551027000000000044e+03,3.934967999999999847e+03,4.640869000000000597e+03,8.175460000000000491e+02,3.878693000000000211e+03,6.601030000000000655e+02,9.374560000000000173e+02,4.405722999999999956e+03,3.645408000000000357e+03,3.800012000000000171e+03,3.918233000000000175e+03,7.515399999999999636e+01,2.969721000000000004e+03,3.441379999999999768e+02,1.462019999999999982e+02,3.096313000000000102e+03,9.778659999999999854e+02,2.029499999999999886e+02,5.425389999999999873e+02,2.517930000000000064e+02,3.884836000000000240e+03,1.146290000000000049e+02,8.204560000000000173e+02,1.049030999999999949e+03,8.359920000000000755e+02,4.074480000000000473e+03,4.043863000000000284e+03,4.594873999999999796e+03,4.434810000000000400e+03,6.063220000000000027e+02,4.192494999999999891e+03,3.368410000000000082e+02,3.384721000000000458e+03,6.485789999999999509e+02,2.038089999999999975e+02,3.994637999999999920e+03,2.724171000000000276e+03,2.082074999999999818e+03,2.395010000000000048e+02,4.106534999999999854e+03,4.099279999999999745e+03,3.934329999999999927e+03,4.265551999999999680e+03,3.066911999999999807e+03,3.002863000000000284e+03,4.137323000000000320e+03,4.675085000000000036e+03,3.876358000000000629e+03,3.995897000000000389e+03,4.415399000000000342e+03,4.599986000000000786e+03,3.734607999999999720e+03,4.380067999999999302e+03,3.077849999999999909e+03,3.537143000000000029e+03,4.122722999999999956e+03,4.510546000000000276e+03,3.646703000000000429e+03,4.090047000000000025e+03,3.984348999999999705e+03,1.468352000000000089e+03,3.375587999999999738e+03,7.751270000000000664e+02,1.377820000000000107e+02,3.801779999999999973e+02,1.000538999999999987e+03,4.337356999999999971e+03,4.085473000000000411e+03,2.744574999999999818e+03,4.147243999999999687e+03,2.922140000000000327e+03,4.431832999999999629e+03,3.087300000000000182e+02,1.064132000000000062e+03,4.031519000000000233e+03,3.793645000000000437e+03,3.247081000000000131e+03,3.621896000000000186e+03,4.148056000000000495e+03,3.393375000000000000e+03,3.842637999999999920e+03,4.108429000000000087e+03,3.738990000000000009e+02,1.338849999999999909e+02,4.134938000000000102e+03,2.641519999999999868e+02,2.044260000000000161e+02,3.797358000000000175e+03,4.351918000000000575e+03,3.927713000000000648e+03,4.059552000000000135e+03,3.953322000000000116e+03,4.220229999999999563e+03,4.023751999999999953e+03,4.326952000000000226e+03,4.075472000000000207e+03,3.860572000000000116e+03,4.433502999999999702e+03,3.701128999999999905e+03,4.194739999999999782e+03,3.972940000000000055e+03,4.262922000000000480e+03,3.982804000000000087e+03,3.108863000000000284e+03,4.040825000000000273e+03,3.510709000000000287e+03,3.598086999999999989e+03,9.474360000000000355e+02,6.548600000000000136e+02,4.086155999999999949e+03,6.564710000000000036e+02,6.516829999999999927e+02,4.114981999999999971e+03,4.631310000000000286e+02,4.065943000000000211e+03
3.296083000000000084e+03,3.597246999999999844e+03,4.172685999999999694e+03,3.648185999999999694e+03,3.628898999999999887e+03,7.221140000000000327e+02,0.000000000000000000e+00,8.740300000000000864e+02,2.031784000000000106e+03,4.525431999999999789e+03,3.861106000000000222e+03,7.349970000000000709e+02,4.115170000000000073e+03,3.699255000000000109e+03,3.637581999999999880e+03,4.293322000000000116e+03,4.561923999999999978e+03,9.543200000000000216e+01,4.333652999999999338e+03,6.201100000000000279e+01,9.971979999999999791e+02,3.964411000000000058e+03,4.147699000000000524e+03,4.505427000000000589e+03,4.468739999999999782e+03,7.972680000000000291e+02,2.276052999999999884e+03,8.438910000000000764e+02,8.102060000000000173e+02,2.402644999999999982e+03,8.876079999999999472e+02,8.669540000000000646e+02,7.167200000000000273e+02,8.533880000000000337e+02,4.059016999999999825e+03,6.143820000000000618e+02,1.045018000000000029e+03,8.586050000000000182e+02,1.861750000000000114e+02,4.519398000000000138e+03,4.218043999999999869e+03,3.999641000000000076e+03,4.355864999999999782e+03,8.507570000000000618e+02,4.035795000000000073e+03,8.365940000000000509e+02,3.351230000000000018e+03,8.066159999999999854e+02,7.957210000000001173e+02,3.466550999999999931e+03,2.646731999999999971e+03,2.566304000000000087e+03,9.231829999999999927e+02,3.686604000000000269e+03,3.734702999999999975e+03,3.749656999999999698e+03,3.737465000000000146e+03,2.517898000000000138e+03,3.044981000000000222e+03,3.622771000000000186e+03,4.596140000000000327e+03,4.331317999999999302e+03,3.809106000000000222e+03,3.998354999999999563e+03,4.521041000000000167e+03,4.234361000000000786e+03,3.851981000000000222e+03,2.355735999999999876e+03,4.036896000000000186e+03,3.932297000000000025e+03,4.163496999999999389e+03,3.567758000000000266e+03,3.711585999999999785e+03,4.484102000000000771e+03,1.390913000000000011e+03,3.342356000000000222e+03,2.470400000000000205e+02,7.584420000000000073e+02,8.799310000000000400e+02,8.524009999999999536e+02,4.032777000000000044e+03,3.749972000000000207e+03,2.195561000000000149e+03,3.619157000000000153e+03,2.200025999999999840e+03,3.903746000000000095e+03,8.084830000000000609e+02,9.796649999999999636e+02,3.935014000000000124e+03,4.248604999999999563e+03,2.524966999999999643e+03,3.542951000000000022e+03,4.237747999999999593e+03,3.547552999999999884e+03,3.244545999999999822e+03,4.349841000000000349e+03,8.736520000000000437e+02,7.354800000000000182e+02,3.764596999999999753e+03,7.639050000000000864e+02,8.045910000000001219e+02,4.271292000000000371e+03,4.261447000000000116e+03,4.382672999999999774e+03,3.987190999999999804e+03,4.105238000000000284e+03,4.395265999999999622e+03,3.660234999999999673e+03,3.981847999999999956e+03,3.655541000000000167e+03,4.360324999999999818e+03,4.224416000000000167e+03,4.200882000000000517e+03,3.714006000000000313e+03,4.423823000000000320e+03,3.664829999999999927e+03,3.777289999999999964e+03,2.386748999999999796e+03,3.620894000000000233e+03,4.232823000000000320e+03,3.583179999999999836e+03,1.033990999999999985e+03,7.691050000000000182e+02,3.550103000000000065e+03,8.315070000000000618e+02,8.679670000000000982e+02,3.735983000000000175e+03,8.908880000000000337e+02,4.390301000000000386e+03
3.378280999999999949e+03,3.942588999999999942e+03,4.067536000000000058e+03,4.387856000000000677e+03,3.950221000000000004e+03,2.828170000000000073e+02,8.740300000000000864e+02,0.000000000000000000e+00,1.998851999999999862e+03,4.416310999999999694e+03,3.886758000000000266e+03,1.390330000000000155e+02,3.646076000000000022e+03,4.021114999999999782e+03,3.717371000000000095e+03,3.965626999999999953e+03,4.644122000000000298e+03,9.501409999999999627e+02,4.017765999999999622e+03,9.277240000000000464e+02,9.423870000000000573e+02,4.312050000000000182e+03,3.551735000000000127e+03,4.011595000000000255e+03,4.129816000000000713e+03,2.867370000000000232e+02,2.986101999999999862e+03,3.256229999999999905e+02,3.310810000000000173e+02,3.112693999999999960e+03,8.327970000000000255e+02,3.650500000000000114e+02,6.115700000000000500e+02,1.946539999999999964e+02,3.953867000000000189e+03,3.952309999999999945e+02,9.902069999999999936e+02,9.553580000000000609e+02,1.040884000000000015e+03,4.286063000000000102e+03,4.028337999999999738e+03,4.501201000000000022e+03,4.438063000000000102e+03,5.348700000000000045e+02,4.132547999999999774e+03,3.873580000000000041e+02,3.551065000000000509e+03,5.055300000000000296e+02,8.140300000000000580e+01,4.206220999999999549e+03,2.853082999999999629e+03,2.243068000000000211e+03,1.223900000000000006e+02,4.049396000000000186e+03,3.982168999999999869e+03,3.984847000000000207e+03,4.477135000000000218e+03,2.976525999999999840e+03,2.880456999999999880e+03,4.118807999999999993e+03,4.678337999999999738e+03,4.015431000000000040e+03,3.938758000000000266e+03,4.390199000000000524e+03,4.603238999999999578e+03,3.765266999999999825e+03,4.591650999999998930e+03,3.229766000000000076e+03,3.567802000000000135e+03,4.029050000000000182e+03,4.416872999999999593e+03,3.649956000000000131e+03,4.032907999999999902e+03,4.015007999999999811e+03,1.634696000000000140e+03,3.541931999999999789e+03,9.867100000000000364e+02,2.312930000000000064e+02,4.108369999999999891e+02,9.138250000000000455e+02,4.243684000000000196e+03,3.984778999999999996e+03,2.910918999999999869e+03,4.358826999999999316e+03,2.918873000000000047e+03,4.643415999999999258e+03,3.393890000000000100e+02,1.041088999999999942e+03,3.974380000000000109e+03,3.932717999999999847e+03,3.398997000000000298e+03,3.625148999999999887e+03,4.217087000000000444e+03,3.559719000000000051e+03,4.025175000000000182e+03,3.986022999999999683e+03,3.631920000000000073e+02,3.002290000000000418e+02,4.017826999999999771e+03,3.839669999999999845e+02,2.080469999999999970e+02,4.008941000000000258e+03,4.258244999999999891e+03,4.066786000000000058e+03,4.229302999999999884e+03,3.915253000000000156e+03,4.120603000000000065e+03,3.981556999999999789e+03,4.233279000000000451e+03,4.018333000000000084e+03,3.891231000000000222e+03,4.438434000000000196e+03,3.731788000000000011e+03,4.176225000000000364e+03,3.850533999999999651e+03,4.530542999999999665e+03,3.964289000000000215e+03,3.105596000000000004e+03,3.983686000000000149e+03,3.722292000000000371e+03,3.764431000000000040e+03,1.113780000000000200e+03,5.339990000000000236e+02,4.029016999999999825e+03,6.176330000000000382e+02,6.136140000000000327e+02,4.030275000000000091e+03,4.113880000000000337e+02,3.943536999999999807e+03
3.465282000000000153e+03,4.579364999999999782e+03,4.441265999999999622e+03,3.485494000000000142e+03,4.565006999999999607e+03,2.012470000000000255e+03,2.031784000000000106e+03,1.998851999999999862e+03,0.000000000000000000e+00,4.095169000000000324e+03,4.597873999999999796e+03,1.859818999999999960e+03,2.772599999999999909e+03,4.507294000000000779e+03,4.500893000000000029e+03,2.453048999999999978e+03,4.660702999999999520e+03,2.127215999999999894e+03,4.008375000000000000e+03,1.969773000000000138e+03,1.309014000000000124e+03,3.808150000000000091e+03,4.074849000000000160e+03,3.572201000000000022e+03,3.690422000000000025e+03,2.017370999999999867e+03,2.643085000000000036e+03,2.033835000000000036e+03,2.033720000000000255e+03,2.516492999999999938e+03,1.349424000000000206e+03,1.976972000000000207e+03,2.140869999999999891e+03,1.995992999999999938e+03,4.327596999999999753e+03,2.127099000000000160e+03,1.192014000000000124e+03,1.911370000000000118e+03,2.177782999999999902e+03,4.129922999999999774e+03,4.295369999999999891e+03,3.976509000000000015e+03,3.661708000000000084e+03,2.007690000000000055e+03,2.710576000000000022e+03,2.068086000000000240e+03,4.410560000000000400e+03,2.101034999999999854e+03,1.920542999999999893e+03,3.626965999999999894e+03,2.130074000000000069e+03,1.843019000000000005e+03,1.970818000000000211e+03,4.603978000000000065e+03,4.464967000000000553e+03,4.579273000000000138e+03,3.396215000000000146e+03,2.920905000000000200e+03,3.043353000000000065e+03,3.475166000000000167e+03,4.492686999999999898e+03,3.897429999999999836e+03,4.572927999999999884e+03,3.236385000000000218e+03,4.690239999999999782e+03,3.703826999999999771e+03,3.791998999999999796e+03,2.558041999999999916e+03,3.506362000000000080e+03,4.509487000000000080e+03,4.447363999999999578e+03,3.736957000000000335e+03,4.482320000000000618e+03,3.953567999999999756e+03,9.502649999999999864e+02,4.431217999999999847e+03,2.116918000000000120e+03,1.996057000000000016e+03,2.020066000000000031e+03,1.179383000000000038e+03,3.739784000000000106e+03,4.483351999999999862e+03,2.868231000000000222e+03,3.667578999999999724e+03,2.414773999999999887e+03,3.382989999999999782e+03,2.044029999999999973e+03,1.306646999999999935e+03,4.685496000000000095e+03,3.980143000000000029e+03,2.727273000000000138e+03,3.712150000000000091e+03,4.344595999999999549e+03,4.606883000000000720e+03,3.990194000000000415e+03,3.525858999999999924e+03,1.996266000000000076e+03,2.064992999999999938e+03,4.429309000000000196e+03,1.999451999999999998e+03,1.929413000000000011e+03,3.806336000000000240e+03,3.731742000000000189e+03,3.960130999999999858e+03,3.592231999999999971e+03,3.751032999999999902e+03,3.391278999999999996e+03,4.596343000000000757e+03,3.632131000000000313e+03,4.572914999999999964e+03,3.829791000000000167e+03,3.742869000000000142e+03,3.670347999999999956e+03,3.383931000000000040e+03,3.661347999999999956e+03,3.641697999999999865e+03,3.595867000000000189e+03,2.601496999999999844e+03,4.538268000000000029e+03,3.861503999999999905e+03,4.631978000000000065e+03,1.960722000000000207e+03,2.099117000000000189e+03,4.609059000000000196e+03,2.026083000000000084e+03,2.116528000000000247e+03,4.483766999999999825e+03,1.779259000000000015e+03,3.568344999999999800e+03
3.499317000000000007e+03,4.489043999999999869e+03,4.131201000000000022e+03,3.897778999999999996e+03,4.359702999999999520e+03,4.509984000000000378e+03,4.525431999999999789e+03,4.416310999999999694e+03,4.095169000000000324e+03,0.000000000000000000e+00,4.379668000000000575e+03,4.277278000000000247e+03,4.407448999999999614e+03,4.288809000000000196e+03,4.813201000000000022e+03,4.374337000000000444e+03,4.733452000000000226e+03,4.620864000000000487e+03,4.286369000000000597e+03,4.463421000000000276e+03,3.978954000000000178e+03,1.216282000000000153e+03,8.645760000000000218e+02,4.322007999999999811e+03,4.440228999999999360e+03,4.434829999999999927e+03,3.801264000000000578e+03,4.667699000000000524e+03,4.527367999999999483e+03,3.927856000000000677e+03,3.869364000000000033e+03,4.470619999999999891e+03,4.568891999999999825e+03,4.536730000000000473e+03,4.244869999999999891e+03,4.577454000000000633e+03,4.026773999999999887e+03,4.154778999999999542e+03,4.671430999999999585e+03,4.771816000000000713e+03,4.403896999999999935e+03,7.190620000000000118e+02,4.559099000000000160e+03,4.501337999999999738e+03,4.116810000000000400e+03,4.672963999999999942e+03,3.040186999999999898e+03,4.518359000000000378e+03,4.338002000000000407e+03,4.264475000000000364e+03,4.011747000000000298e+03,4.127567000000000007e+03,4.464466000000000349e+03,4.483481999999999971e+03,4.288081000000000131e+03,4.480461000000000240e+03,3.808500000000000000e+03,3.898455000000000382e+03,3.564394999999999982e+03,2.104793000000000120e+03,4.799373999999999796e+03,4.397314000000000306e+03,4.327668000000000575e+03,8.587839999999999918e+02,4.724274999999999636e+03,4.044319000000000415e+03,4.649904999999999745e+03,2.763954000000000178e+03,4.031064000000000306e+03,4.196069000000000415e+03,6.932640000000000100e+02,3.770992000000000189e+03,4.313041000000000167e+03,4.026317000000000007e+03,4.269086000000000240e+03,2.863059000000000196e+03,4.610565999999999804e+03,4.413516000000000531e+03,4.716301000000000386e+03,3.673030999999999949e+03,1.284648000000000138e+03,4.238092000000000553e+03,3.576118000000000393e+03,4.417081000000000131e+03,3.295067000000000007e+03,4.701670000000000073e+03,4.644853000000000065e+03,3.800295000000000073e+03,4.467290000000000873e+03,4.371417000000000371e+03,2.933185000000000400e+03,3.746184999999999945e+03,4.391157000000000153e+03,3.138456000000000131e+03,1.612215000000000146e+03,9.377970000000000255e+02,4.705268000000000939e+03,4.482452000000000226e+03,4.292135000000000218e+03,4.600274999999999636e+03,4.346872000000000298e+03,4.253780999999999949e+03,1.282525000000000091e+03,4.449782000000001062e+03,1.214630999999999858e+03,4.327081000000000131e+03,1.072376999999999953e+03,4.391039000000000669e+03,1.254529999999999973e+03,4.499347999999999956e+03,3.707635000000000218e+03,9.562770000000000437e+02,4.077798000000000229e+03,2.196028000000000247e+03,8.023079999999999927e+02,1.053873000000000047e+03,2.027708000000000084e+03,3.108344000000000051e+03,4.464701000000000022e+03,4.277868000000000393e+03,3.137445000000000164e+03,4.454369999999999891e+03,4.457025999999999840e+03,4.393909999999999854e+03,4.466920000000000073e+03,4.610175999999999476e+03,4.257722999999999956e+03,4.753464000000000851e+03,8.953110000000000355e+02
3.164829999999999927e+03,4.053069999999999595e+02,1.114951000000000022e+03,1.290938000000000102e+03,2.322839999999999918e+02,3.943897000000000389e+03,3.861106000000000222e+03,3.886758000000000266e+03,4.597873999999999796e+03,4.379668000000000575e+03,0.000000000000000000e+00,4.015186000000000604e+03,3.873706000000000131e+03,1.922930000000000064e+02,4.125596999999999753e+03,4.193257000000000517e+03,4.430671000000000276e+03,3.765674000000000433e+03,1.037152000000000044e+03,3.923117000000000189e+03,4.767085000000000036e+03,4.098947000000000116e+03,4.101661000000000058e+03,1.052727000000000089e+03,1.170948000000000093e+03,3.928715000000000600e+03,4.334036000000000058e+03,3.823073000000000320e+03,3.884738000000000284e+03,4.416173999999999978e+03,4.719555000000000291e+03,3.941486000000000331e+03,4.003485000000000127e+03,3.692104000000000269e+03,1.138179000000000087e+03,3.948709000000000287e+03,4.650085000000000036e+03,4.192851999999999862e+03,3.856417000000000371e+03,1.107162000000000035e+03,1.045065000000000055e+03,4.139305000000000291e+03,4.224612000000000080e+03,4.183382000000000517e+03,4.150244000000000597e+03,3.759163000000000011e+03,2.960273000000000138e+03,4.109525000000000546e+03,3.968161000000000058e+03,3.233854000000000269e+03,3.625239000000000033e+03,4.319115999999999985e+03,3.764368000000000393e+03,3.714619999999999891e+02,1.915650000000000261e+02,1.616740000000000066e+02,1.201659000000000106e+03,4.238123999999999796e+03,3.617327000000000226e+03,2.753574000000000069e+03,4.464886999999999716e+03,1.051206999999999880e+03,5.200000000000000000e+01,4.186461999999999534e+03,4.389788000000000466e+03,4.315610999999999876e+03,3.619284000000000106e+03,4.202387999999999920e+03,4.513076000000000022e+03,1.119160000000000082e+03,4.137451999999999316e+03,3.436505000000000109e+03,2.179690000000000225e+02,4.065869999999999891e+03,4.676218000000000757e+03,2.698847000000000207e+03,3.917282000000000153e+03,3.878948000000000320e+03,3.835500000000000000e+03,4.555803000000000793e+03,4.030581000000000131e+03,1.415760000000000218e+02,4.466747000000000298e+03,3.386460000000000036e+03,3.408402000000000044e+03,3.671048999999999978e+03,3.807132000000000062e+03,4.631832000000000335e+03,8.762199999999999989e+01,1.102144999999999982e+03,4.371618999999999687e+03,3.411697999999999865e+03,8.749590000000000600e+02,2.974244000000000142e+03,3.741886999999999716e+03,3.441871000000000095e+03,3.830983000000000175e+03,3.810012000000000171e+03,1.956190000000000282e+02,3.831851999999999862e+03,3.945592000000000553e+03,1.215052999999999884e+03,4.072083000000000084e+03,9.885059999999999718e+02,4.484531999999999243e+03,3.872541000000000167e+03,3.307291000000000167e+03,2.510960000000000036e+02,4.479188999999999396e+03,3.530529999999999973e+02,4.250390999999999622e+03,4.358952000000000226e+03,4.349090000000000146e+03,2.662338999999999942e+03,3.577360000000000127e+03,4.409009000000000015e+03,2.803007999999999811e+03,3.595125000000000000e+03,3.642099999999999795e+02,9.284039999999999964e+02,2.973233000000000175e+03,3.809164999999999964e+03,4.410333000000000538e+03,3.110029999999999859e+02,3.888698000000000320e+03,4.080297000000000025e+03,1.884970000000000141e+02,3.895003000000000156e+03,3.484356999999999971e+03
3.448889000000000124e+03,4.071016999999999825e+03,4.065145999999999731e+03,4.258671000000000276e+03,4.078649000000000342e+03,2.327059999999999889e+02,7.349970000000000709e+02,1.390330000000000155e+02,1.859818999999999960e+03,4.277278000000000247e+03,4.015186000000000604e+03,0.000000000000000000e+00,3.774503999999999905e+03,4.149542999999999665e+03,3.622315999999999804e+03,4.094054999999999836e+03,4.714730000000000473e+03,8.304290000000000873e+02,3.961091000000000349e+03,7.970080000000000382e+02,1.081420000000000073e+03,4.173016999999999825e+03,3.412702000000000226e+03,3.882410000000000309e+03,4.000631000000000313e+03,1.575519999999999925e+02,3.011050000000000182e+03,4.540509999999999877e+02,2.798999999999999773e+02,3.137642000000000280e+03,9.718300000000000409e+02,2.265970000000000368e+02,6.091799999999999500e+02,3.230819999999999936e+02,3.951476999999999862e+03,3.001760000000000446e+02,1.053162000000000035e+03,8.163250000000000455e+02,9.183900000000001000e+02,4.156878000000000611e+03,4.027704999999999927e+03,4.362167999999999665e+03,4.508671000000000276e+03,6.739030000000000200e+02,3.993515000000000327e+03,5.157860000000000582e+02,3.456010000000000218e+03,5.031399999999999864e+02,6.072400000000000375e+01,4.077036000000000058e+03,2.795460000000000036e+03,2.148012999999999920e+03,2.614230000000000018e+02,4.177823999999999614e+03,4.121202000000000226e+03,4.113274999999999636e+03,4.347950000000000728e+03,2.837492999999999938e+03,2.859778000000000247e+03,4.247235999999999876e+03,4.748945999999999913e+03,3.958756000000000768e+03,4.067186000000000149e+03,4.251166000000000167e+03,4.673846999999999753e+03,3.893694999999999709e+03,4.462465999999999440e+03,3.090733000000000175e+03,3.696230000000000018e+03,3.890016999999999825e+03,4.277840000000000146e+03,3.720564000000000306e+03,4.161336000000000240e+03,4.143435999999999694e+03,1.539641000000000076e+03,3.446876999999999953e+03,8.575250000000000909e+02,1.362379999999999995e+02,5.392649999999999864e+02,1.024186000000000149e+03,4.104650999999999840e+03,4.123811999999999898e+03,2.815864000000000033e+03,4.229641999999999825e+03,2.935023000000000138e+03,4.514230999999999767e+03,4.678170000000000073e+02,1.151450000000000045e+03,4.102807999999999993e+03,3.876043000000000575e+03,3.259963999999999942e+03,3.695757000000000062e+03,4.195467999999999847e+03,3.464664000000000215e+03,3.979542999999999665e+03,3.965344000000000051e+03,4.916200000000000045e+02,2.051740000000000066e+02,4.156860000000000582e+03,4.496990000000000691e+02,6.959400000000000830e+01,3.879756000000000313e+03,4.119212000000000444e+03,4.010111000000000786e+03,4.292257999999999811e+03,3.894574000000000069e+03,4.099923999999999978e+03,4.109984999999999673e+03,4.094246000000000095e+03,4.146760999999999513e+03,4.019659000000000106e+03,4.433021999999999935e+03,3.860215999999999894e+03,4.304653000000000247e+03,3.829855000000000018e+03,4.399827000000000226e+03,4.092717000000000098e+03,3.121746000000000095e+03,4.112113999999999578e+03,3.593107000000000426e+03,3.669376000000000204e+03,1.018725000000000023e+03,5.333659999999999854e+02,4.157444999999999709e+03,5.969540000000000646e+02,5.929350000000000591e+02,4.169307999999999993e+03,5.398160000000000309e+02,3.922858000000000175e+03
