0.000000000000000000e+00,3.204704000000000178e+03,3.229094000000000051e+03,3.097226999999999862e+03,3.215956999999999880e+03,3.375028000000000247e+03,3.296083000000000084e+03,3.378280999999999949e+03,3.465282000000000153e+03,3.499317000000000007e+03,3.164829999999999927e+03,3.448889000000000124e+03,2.364523999999999887e+03,3.234298999999999978e+03,2.102244999999999891e+03,2.178782999999999902e+03,1.265841000000000122e+03,3.200726000000000113e+03,3.275597000000000207e+03,3.357865999999999985e+03,3.682293000000000120e+03,3.527360999999999876e+03,3.504976999999999862e+03,3.466153000000000247e+03,3.483363000000000284e+03,3.383238000000000284e+03,3.167335000000000036e+03,3.150211000000000240e+03,3.379755000000000109e+03,3.096249000000000251e+03,3.683619000000000142e+03,3.409181000000000040e+03,3.328994000000000142e+03,3.210673000000000229e+03,3.326307000000000244e+03,3.289941000000000258e+03,3.606503999999999905e+03,3.551722999999999956e+03,3.110789000000000215e+03,3.233936999999999898e+03,3.467880999999999858e+03,3.558952000000000226e+03,1.059781999999999925e+03,3.251219000000000051e+03,1.967187000000000126e+03,3.120827999999999975e+03,3.312597999999999956e+03,3.429317000000000007e+03,3.424047000000000025e+03,1.745191000000000031e+03,3.444195000000000164e+03,3.339197999999999865e+03,3.257179000000000087e+03,3.255751999999999953e+03,3.255818000000000211e+03,3.129809000000000196e+03,3.167846000000000004e+03,3.447954000000000178e+03,3.424800000000000182e+03,3.233101999999999862e+03,1.300057000000000016e+03,3.299858000000000175e+03,3.216077999999999975e+03,3.622521999999999935e+03,1.224958000000000084e+03,2.005425999999999931e+03,1.404110000000000127e+03,3.484164000000000215e+03,2.169581999999999880e+03,3.252028999999999996e+03,3.540327000000000226e+03,2.716750000000000114e+02,3.245563999999999851e+03,1.970143000000000029e+03,3.773255000000000109e+03,3.305342000000000098e+03,3.108927999999999884e+03,3.346036000000000058e+03,3.087334000000000287e+03,3.490340999999999894e+03,3.518793999999999869e+03,3.266782999999999902e+03,3.299195999999999913e+03,1.607391000000000076e+03,3.195230000000000018e+03,1.355490000000000009e+03,3.115465999999999894e+03,3.515079000000000178e+03,3.236427999999999884e+03,3.252018000000000029e+03,3.619343000000000302e+03,2.468679999999999950e+02,3.191327000000000226e+03,3.322188000000000102e+03,3.487155000000000200e+03,3.307671000000000276e+03,3.113405999999999949e+03,3.317463000000000193e+03,3.278483000000000175e+03,3.141275999999999840e+03,3.410371000000000095e+03,3.484003000000000156e+03,3.535740999999999985e+03,3.242974000000000160e+03,3.559519999999999982e+03,1.640236000000000104e+03,3.267913000000000011e+03,3.187726000000000113e+03,3.885075000000000273e+03,3.246720000000000255e+03,1.971489000000000033e+03,3.670856999999999971e+03,2.035997000000000071e+03,3.152635999999999967e+03,3.424124000000000251e+03,3.851791999999999916e+03,3.152367000000000189e+03,3.080740000000000236e+03,3.223778999999999996e+03,3.379827999999999975e+03,3.505346000000000004e+03,3.167238000000000284e+03,3.424155000000000200e+03,3.171170000000000073e+03,3.285914000000000215e+03,3.178175000000000182e+03,3.269563999999999851e+03,3.131775000000000091e+03,3.331639000000000124e+03
3.204704000000000178e+03,0.000000000000000000e+00,9.473350000000000364e+02,1.460999000000000024e+03,1.731069999999999993e+02,3.912871999999999844e+03,3.597246999999999844e+03,3.942588999999999942e+03,3.956190000000000055e+03,3.786181999999999789e+03,3.951320000000000050e+02,3.999152999999999793e+03,3.550593000000000302e+03,2.440010000000000048e+02,4.151855999999999767e+03,3.870144000000000233e+03,3.486244999999999891e+03,3.501815000000000055e+03,9.793569999999999709e+02,3.659257999999999811e+03,4.062595000000000255e+03,4.057146000000000640e+03,3.792192999999999756e+03,9.118380000000000791e+02,8.889429999999999836e+02,3.921469000000000051e+03,3.754756000000000313e+03,3.878903999999999996e+03,3.940568999999999960e+03,3.764222000000000207e+03,3.953005000000000109e+03,3.997317000000000007e+03,4.035449999999999818e+03,3.747934999999999945e+03,9.722850000000000819e+02,4.004539999999999964e+03,4.110414999999999964e+03,3.812436000000000149e+03,3.592557999999999993e+03,9.396009999999999991e+02,8.617609999999999673e+02,4.238963000000000648e+03,3.639228000000000065e+03,3.993041000000000167e+03,3.890177999999999884e+03,3.830947000000000116e+03,2.682507000000000517e+03,4.125743000000000393e+03,4.023991999999999734e+03,3.305638000000000375e+03,3.717460000000000036e+03,3.622443000000000211e+03,3.820199000000000069e+03,8.324000000000000909e+01,2.784250000000000114e+02,2.334579999999999984e+02,1.378029999999999973e+03,3.757432999999999993e+03,3.689111000000000331e+03,3.011865999999999985e+03,2.274293999999999869e+03,9.569470000000000027e+02,3.533069999999999595e+02,3.897131000000000313e+03,2.503088999999999942e+03,3.992498000000000047e+03,3.360154999999999745e+03,3.735795000000000073e+03,3.964831999999999880e+03,1.077359000000000151e+03,3.816652999999999793e+03,3.472389000000000124e+03,2.555790000000000077e+02,3.742757000000000062e+03,4.032360000000000127e+03,2.822168999999999869e+03,3.595851000000000113e+03,3.884737999999999829e+03,3.880853999999999814e+03,4.149337999999999738e+03,3.988780000000000655e+03,2.947180000000000177e+02,3.529610000000000127e+03,3.458244000000000597e+03,3.460110000000000127e+03,3.217764000000000124e+03,3.878916000000000167e+03,4.177475000000000364e+03,4.796419999999999959e+02,8.943089999999999691e+02,3.905025999999999840e+03,3.424291000000000167e+03,9.257839999999999918e+02,2.810773999999999887e+03,3.760850999999999658e+03,3.551246999999999844e+03,3.883951999999999771e+03,3.865842999999999847e+03,2.878400000000000318e+02,3.882117000000000189e+03,3.951381999999999607e+03,8.534170000000000300e+02,3.803451000000000022e+03,8.942459999999999809e+02,4.246002000000000407e+03,3.246510999999999967e+03,3.416666999999999916e+03,2.033019999999999925e+02,4.192614999999999782e+03,5.227600000000000335e+01,4.061439000000000306e+03,3.945496000000000095e+03,4.025976999999999862e+03,3.057471000000000004e+03,3.667905999999999949e+03,4.120787000000000262e+03,2.873918000000000120e+03,3.646833000000000084e+03,4.109700000000000131e+01,9.399450000000000500e+02,2.748034999999999854e+03,4.204296999999999571e+03,4.195250000000000000e+03,9.513400000000000034e+01,3.980919000000000324e+03,3.884202999999999975e+03,2.689689999999999941e+02,3.964668999999999869e+03,3.593732999999999720e+03
3.229094000000000051e+03,9.473350000000000364e+02,0.000000000000000000e+00,1.509330000000000155e+03,9.935520000000000209e+02,3.458272999999999683e+03,3.611088999999999942e+03,3.487989999999999782e+03,3.337173999999999978e+03,3.584319000000000415e+03,8.554579999999999700e+02,3.526658999999999651e+03,3.701601999999999862e+03,9.226580000000000155e+02,3.510594000000000051e+03,3.811778000000000247e+03,3.476259000000000015e+03,3.515657000000000153e+03,8.227989999999999782e+02,3.562389000000000124e+03,3.773124000000000251e+03,3.313586000000000240e+03,3.456261999999999716e+03,8.474719999999999800e+02,8.704379999999999882e+02,3.466869999999999891e+03,3.474211000000000240e+03,3.223623999999999796e+03,3.468074999999999818e+03,3.347619000000000142e+03,3.882714000000000397e+03,3.441133000000000266e+03,3.455965999999999894e+03,3.293335999999999785e+03,1.136689999999999969e+02,3.396340000000000146e+03,3.890124000000000251e+03,3.407490999999999985e+03,3.482485999999999876e+03,6.563870000000000573e+02,2.726960000000000264e+02,3.495403000000000247e+03,3.488512999999999920e+03,3.636101999999999862e+03,3.554251000000000204e+03,3.236753999999999905e+03,1.938947000000000116e+03,3.562005999999999858e+03,3.532728999999999814e+03,3.754618999999999687e+03,3.654027000000000044e+03,3.450552000000000135e+03,3.365599999999999909e+03,9.483810000000000855e+02,9.649850000000000136e+02,9.179139999999999873e+02,1.598609000000000151e+03,3.654737000000000080e+03,3.455599999999999909e+03,2.224030999999999949e+03,2.751940999999999804e+03,8.932119999999999891e+02,9.074579999999999700e+02,3.486947000000000116e+03,2.646525000000000091e+03,3.798126999999999953e+03,3.755742999999999938e+03,3.339019000000000233e+03,3.841015000000000327e+03,3.337990000000000350e+02,3.437936999999999898e+03,3.500769000000000233e+03,9.801230000000000473e+02,3.836268000000000029e+03,3.903849000000000160e+03,1.963553000000000111e+03,3.421621000000000095e+03,3.423024999999999636e+03,3.160416999999999916e+03,3.833454999999999927e+03,3.245220000000000255e+03,9.669069999999999254e+02,3.332400000000000091e+03,3.602012999999999920e+03,3.444693000000000211e+03,3.464166000000000167e+03,3.231864999999999782e+03,3.706190999999999804e+03,9.430799999999999272e+02,8.626980000000000928e+02,3.508250000000000000e+03,3.475961999999999989e+03,2.599560000000000173e+02,2.041169000000000096e+03,3.179791000000000167e+03,3.338115999999999985e+03,3.261192999999999756e+03,3.393348999999999705e+03,9.711449999999999818e+02,3.246817000000000007e+03,3.489668999999999869e+03,6.133369999999999891e+02,3.542539999999999964e+03,8.463429999999999609e+02,3.475577000000000226e+03,3.581783000000000357e+03,3.203536000000000058e+03,9.715520000000000209e+02,3.644145000000000437e+03,9.408850000000001046e+02,3.517586000000000240e+03,3.443373000000000047e+03,3.764648000000000138e+03,2.315266000000000076e+03,3.454775000000000091e+03,3.759363000000000284e+03,2.103492999999999938e+03,3.423458000000000084e+03,9.062380000000000564e+02,5.797620000000000573e+02,2.152820000000000164e+03,3.351394999999999982e+03,3.764149999999999636e+03,9.770289999999999964e+02,3.570752999999999702e+03,3.607212999999999738e+03,9.593859999999999673e+02,3.401224000000000160e+03,3.380601999999999862e+03
3.097226999999999862e+03,1.460999000000000024e+03,1.509330000000000155e+03,0.000000000000000000e+00,1.324619000000000142e+03,3.929483000000000175e+03,3.590614000000000033e+03,3.930153000000000247e+03,3.485494000000000142e+03,3.227121000000000095e+03,1.290938000000000102e+03,3.977651000000000295e+03,3.368213000000000193e+03,1.342177000000000135e+03,3.843166999999999916e+03,3.687764000000000124e+03,3.305500000000000000e+03,3.495182000000000244e+03,1.537889000000000124e+03,3.652625000000000000e+03,3.849033000000000357e+03,3.079259000000000015e+03,3.364476000000000113e+03,1.486996000000000095e+03,1.605217000000000098e+03,3.973047000000000025e+03,3.251827999999999975e+03,3.745317000000000007e+03,3.919067000000000462e+03,3.125235999999999876e+03,3.739443000000000211e+03,3.943461000000000240e+03,3.931387000000000171e+03,3.799512999999999920e+03,1.395661000000000058e+03,3.814854000000000269e+03,3.896853000000000065e+03,3.463528000000000247e+03,3.462010999999999967e+03,1.186472999999999956e+03,1.491769000000000005e+03,3.178717000000000098e+03,3.367742999999999938e+03,3.751251000000000204e+03,3.791783000000000357e+03,3.738019999999999982e+03,1.589463999999999942e+03,3.930887000000000171e+03,3.951242999999999938e+03,3.143472999999999956e+03,3.086262999999999920e+03,3.357173000000000229e+03,3.871777000000000044e+03,1.413649000000000115e+03,1.384504000000000133e+03,1.263820999999999913e+03,8.927899999999999636e+01,3.478663000000000011e+03,3.549630999999999858e+03,2.007539999999999964e+03,2.016394000000000005e+03,1.437177000000000135e+03,1.342938000000000102e+03,3.211012000000000171e+03,2.054034000000000106e+03,3.930551999999999680e+03,3.102255000000000109e+03,3.637207000000000335e+03,3.733086999999999989e+03,1.485968000000000075e+03,3.168255999999999858e+03,3.126403000000000247e+03,1.357928000000000111e+03,3.955161999999999807e+03,3.390070000000000164e+03,1.586467000000000098e+03,3.401146000000000186e+03,3.913277000000000498e+03,3.751731000000000222e+03,3.935776000000000295e+03,3.010893000000000029e+03,1.392894000000000233e+03,3.359847999999999956e+03,3.296078999999999724e+03,3.296701000000000022e+03,3.270197999999999865e+03,3.709909000000000106e+03,3.963913000000000011e+03,1.378560000000000173e+03,1.457169000000000096e+03,3.467976000000000113e+03,3.134711000000000240e+03,1.443562000000000126e+03,1.467226000000000113e+03,2.995853000000000065e+03,3.325605000000000018e+03,3.775077999999999975e+03,3.844341000000000349e+03,1.390664000000000215e+03,3.665331000000000131e+03,3.940880000000000564e+03,1.390332000000000107e+03,3.326048999999999978e+03,1.374476000000000113e+03,3.500324999999999818e+03,2.988610999999999876e+03,3.460184999999999945e+03,1.293283000000000129e+03,3.409818000000000211e+03,1.444712000000000216e+03,4.017613000000000284e+03,3.306838000000000193e+03,3.897072999999999865e+03,1.916305000000000064e+03,3.461094000000000051e+03,3.513528000000000247e+03,2.128240999999999985e+03,3.109978000000000065e+03,1.436655999999999949e+03,1.395983999999999924e+03,1.671938000000000102e+03,3.905072000000000116e+03,4.109328999999999724e+03,1.365865000000000009e+03,4.045935000000000400e+03,3.860089000000000397e+03,1.378905000000000200e+03,3.885524000000000342e+03,3.368090999999999894e+03
3.215956999999999880e+03,1.731069999999999993e+02,9.935520000000000209e+02,1.324619000000000142e+03,0.000000000000000000e+00,3.920503999999999905e+03,3.628898999999999887e+03,3.950221000000000004e+03,3.783201000000000022e+03,3.613193000000000211e+03,2.322839999999999918e+02,4.006784999999999854e+03,3.642202000000000226e+03,7.089400000000000546e+01,3.978748999999999796e+03,3.942927000000000589e+03,3.469906999999999698e+03,3.533467000000000098e+03,1.000203999999999951e+03,3.690909999999999854e+03,3.934648000000000138e+03,3.941885000000000218e+03,3.619203999999999724e+03,8.955000000000001137e+02,9.118070000000000164e+02,3.929101000000000113e+03,3.824106000000000677e+03,3.770148999999999887e+03,3.948201000000000022e+03,3.833572000000000571e+03,3.825057999999999993e+03,4.004949000000000069e+03,3.927246999999999844e+03,3.755567000000000007e+03,9.097559999999999718e+02,3.925211999999999989e+03,3.982467999999999847e+03,3.796097999999999956e+03,3.624210000000000036e+03,9.294750000000000227e+02,9.068220000000000027e+02,4.123702000000000226e+03,3.511280999999999949e+03,3.969375000000000000e+03,3.806628999999999905e+03,3.703000000000000000e+03,2.567246000000000095e+03,3.957284000000000106e+03,4.031623999999999796e+03,3.177691000000000258e+03,3.549000999999999749e+03,3.459595000000000255e+03,3.827831000000000131e+03,9.056300000000000239e+01,1.058040000000000020e+02,1.055109999999999957e+02,1.235340000000000146e+03,3.584444000000000415e+03,3.561164000000000215e+03,2.839899999999999636e+03,2.146347000000000207e+03,9.497930000000000064e+02,1.802839999999999918e+02,3.724510000000000218e+03,2.340240999999999985e+03,4.084106999999999971e+03,3.232208000000000538e+03,3.902470000000000255e+03,4.056440999999999804e+03,9.620979999999999563e+02,3.643663999999999760e+03,3.344442000000000007e+03,8.268699999999999761e+01,3.834365999999999985e+03,4.205467000000000553e+03,2.732528000000000247e+03,3.627503000000000156e+03,3.892369999999999891e+03,3.779336999999999989e+03,4.021391000000000076e+03,3.873519000000000233e+03,1.216110000000000042e+02,3.598960000000000491e+03,3.330297000000000480e+03,3.287002999999999702e+03,3.390871000000000095e+03,3.750969000000000051e+03,4.049527999999999793e+03,3.066530000000000200e+02,9.282549999999999955e+02,3.733239000000000487e+03,3.296344000000000051e+03,9.524170000000000300e+02,2.637751000000000204e+03,3.768173999999999978e+03,3.421905999999999949e+03,3.774820000000000164e+03,3.873474999999999909e+03,1.193810000000000002e+02,3.775688999999999851e+03,3.959014000000000124e+03,8.874940000000000282e+02,3.976557999999999993e+03,8.870919999999999845e+02,4.080356999999999971e+03,3.118564000000000306e+03,3.287326000000000022e+03,3.133600000000000207e+01,4.120256000000000313e+03,1.216260000000000048e+02,4.145885000000000218e+03,3.772507000000000517e+03,4.057453999999999724e+03,2.894623000000000047e+03,3.538565000000000055e+03,4.128109999999999673e+03,2.746844999999999800e+03,3.473725999999999658e+03,1.327060000000000173e+02,8.878039999999999736e+02,2.781119000000000142e+03,4.041449000000000069e+03,4.022261000000000422e+03,7.879600000000000648e+01,3.812460000000000036e+03,3.860536999999999807e+03,1.076220000000000141e+02,3.838840000000000146e+03,3.464391999999999825e+03
3.375028000000000247e+03,3.912871999999999844e+03,3.458272999999999683e+03,3.929483000000000175e+03,3.920503999999999905e+03,0.000000000000000000e+00,7.221140000000000327e+02,2.828170000000000073e+02,2.012470000000000255e+03,4.304315000000000509e+03,3.857041000000000167e+03,1.544389999999999930e+02,3.533095000000000255e+03,3.991398000000000138e+03,2.634351999999999862e+03,3.711127000000000407e+03,3.074046000000000276e+03,7.386500000000000909e+02,3.790606000000000222e+03,6.601030000000000655e+02,9.374560000000000173e+02,3.812678000000000338e+03,3.567141000000000076e+03,3.800012000000000171e+03,3.744561999999999898e+03,7.515399999999999636e+01,2.919271000000000186e+03,2.959060000000000059e+02,1.462019999999999982e+02,2.979186999999999898e+03,9.051939999999999600e+02,1.280320000000000107e+02,5.425389999999999873e+02,1.649370000000000118e+02,3.565354000000000269e+03,1.146290000000000049e+02,8.204560000000000173e+02,8.807670000000000528e+02,6.479070000000000391e+02,3.572611000000000331e+03,3.631643000000000484e+03,3.887938000000000102e+03,3.773278999999999996e+03,6.063220000000000027e+02,3.956665000000000418e+03,3.109519999999999982e+02,3.384721000000000458e+03,5.748040000000000873e+02,2.038089999999999975e+02,3.695668999999999869e+03,2.455860999999999876e+03,2.010344000000000051e+03,2.372010000000000218e+02,3.996112000000000080e+03,3.987485000000000127e+03,3.908440999999999804e+03,3.840204000000000178e+03,2.991931999999999789e+03,2.806768000000000029e+03,4.089091000000000349e+03,3.446820999999999913e+03,3.876358000000000629e+03,3.909041000000000167e+03,3.756110000000000582e+03,3.506034000000000106e+03,3.652285999999999603e+03,3.955418999999999869e+03,3.023612000000000080e+03,3.454820999999999913e+03,3.235366000000000440e+03,4.072119000000000142e+03,3.646703000000000429e+03,4.003190999999999804e+03,3.676895999999999731e+03,1.468352000000000089e+03,3.375587999999999738e+03,7.087720000000000482e+02,1.377820000000000107e+02,2.978559999999999945e+02,8.684830000000000609e+02,3.860101000000000113e+03,3.968490000000000236e+03,2.744574999999999818e+03,3.830998999999999796e+03,2.843244000000000142e+03,3.546409999999999854e+03,3.087300000000000182e+02,8.613500000000000227e+02,3.944663000000000011e+03,3.793645000000000437e+03,2.854380999999999858e+03,3.621896000000000186e+03,3.540817000000000462e+03,3.393375000000000000e+03,3.477299000000000433e+03,4.108429000000000087e+03,3.009540000000000077e+02,1.338849999999999909e+02,3.988405000000000200e+03,2.641519999999999868e+02,1.705440000000000111e+02,3.797358000000000175e+03,3.515642000000000280e+03,3.876571000000000367e+03,3.400263000000000375e+03,3.526740999999999985e+03,4.170145000000000437e+03,3.951839999999999691e+03,3.781335000000000036e+03,3.965147999999999683e+03,3.662570999999999913e+03,3.564155999999999949e+03,3.618806999999999789e+03,4.146507999999999811e+03,3.972940000000000055e+03,4.222748999999999796e+03,3.934572000000000116e+03,3.029967000000000098e+03,3.953969000000000051e+03,3.510709000000000287e+03,3.598086999999999989e+03,8.879089999999999918e+02,6.047599999999999909e+02,3.999299999999999727e+03,6.063859999999999673e+02,5.311580000000000155e+02,4.000193999999999960e+03,2.433329999999999984e+02,4.065943000000000211e+03
3.296083000000000084e+03,3.597246999999999844e+03,3.611088999999999942e+03,3.590614000000000033e+03,3.628898999999999887e+03,7.221140000000000327e+02,0.000000000000000000e+00,8.740300000000000864e+02,1.942565000000000055e+03,3.661096999999999753e+03,3.850369999999999891e+03,7.349970000000000709e+02,3.436083000000000084e+03,3.699255000000000109e+03,2.529239000000000033e+03,3.507449000000000069e+03,2.957438999999999851e+03,9.543200000000000216e+01,3.463743000000000393e+03,6.201100000000000279e+01,9.425980000000000700e+02,3.645438000000000102e+03,3.583494000000000142e+03,3.676469000000000506e+03,3.697400000000000546e+03,7.741440000000000055e+02,2.276052999999999884e+03,7.217609999999999673e+02,6.249800000000000182e+02,2.402644999999999982e+03,8.876079999999999472e+02,6.817280000000000655e+02,7.167200000000000273e+02,7.914729999999999563e+02,3.614353000000000065e+03,6.143820000000000618e+02,8.255980000000000700e+02,8.586050000000000182e+02,1.861750000000000114e+02,3.356970000000000255e+03,3.670012999999999920e+03,3.781957000000000335e+03,3.410851999999999862e+03,8.507570000000000618e+02,3.764976000000000113e+03,7.348909999999999627e+02,3.351230000000000018e+03,8.066159999999999854e+02,7.957210000000001173e+02,3.408978999999999814e+03,1.733747000000000071e+03,1.548612000000000080e+03,8.637369999999999663e+02,3.658521999999999935e+03,3.734702999999999975e+03,3.688695999999999913e+03,3.679893000000000029e+03,2.517898000000000138e+03,2.208675999999999931e+03,3.622771000000000186e+03,3.354221999999999753e+03,3.574688000000000557e+03,3.809106000000000222e+03,3.525150999999999840e+03,3.380165999999999713e+03,3.564018000000000029e+03,3.794409000000000106e+03,2.355735999999999876e+03,3.366553000000000338e+03,3.290601000000000113e+03,3.637656999999999698e+03,3.567758000000000266e+03,3.711585999999999785e+03,3.588628000000000156e+03,1.390913000000000011e+03,3.342356000000000222e+03,1.894680000000000177e+02,7.256760000000000446e+02,6.585539999999999736e+02,8.524009999999999536e+02,3.711626000000000204e+03,3.749972000000000207e+03,2.195561000000000149e+03,3.561585000000000036e+03,2.200025999999999840e+03,3.581554999999999836e+03,7.300019999999999527e+02,7.791710000000000491e+02,3.935014000000000124e+03,3.548791000000000167e+03,2.335076999999999771e+03,3.542951000000000022e+03,3.351132999999999811e+03,3.547552999999999884e+03,3.244545999999999822e+03,3.735652000000000044e+03,7.057500000000000000e+02,6.997060000000000173e+02,3.747742000000000189e+03,7.449539999999999509e+02,7.481490000000000009e+02,3.697756000000000313e+03,3.348402000000000044e+03,3.627156000000000404e+03,3.169304000000000087e+03,3.527836999999999989e+03,3.851402000000000044e+03,3.660234999999999673e+03,3.586295000000000073e+03,3.649522999999999683e+03,3.557458000000000084e+03,3.664251000000000204e+03,3.530539000000000215e+03,3.714006000000000313e+03,3.600163000000000011e+03,3.664829999999999927e+03,3.777289999999999964e+03,2.386748999999999796e+03,3.620894000000000233e+03,3.471442000000000007e+03,3.565103000000000065e+03,9.152369999999999663e+02,7.691050000000000182e+02,3.550103000000000065e+03,7.335470000000000255e+02,8.679670000000000982e+02,3.735983000000000175e+03,8.908880000000000337e+02,3.693166000000000167e+03
3.378280999999999949e+03,3.942588999999999942e+03,3.487989999999999782e+03,3.930153000000000247e+03,3.950221000000000004e+03,2.828170000000000073e+02,8.740300000000000864e+02,0.000000000000000000e+00,1.998851999999999862e+03,4.243779999999999745e+03,3.886758000000000266e+03,1.390330000000000155e+02,3.562811999999999898e+03,4.021114999999999782e+03,2.815490000000000236e+03,3.588721000000000004e+03,3.056443000000000211e+03,9.501409999999999627e+02,3.862317000000000007e+03,8.782110000000000127e+02,9.423870000000000573e+02,3.781115999999999985e+03,3.551735000000000127e+03,3.862439000000000306e+03,3.774278999999999996e+03,2.411589999999999918e+02,2.986101999999999862e+03,2.802629999999999768e+02,3.310810000000000173e+02,3.049838999999999942e+03,8.327970000000000255e+02,3.650500000000000114e+02,6.115700000000000500e+02,1.946539999999999964e+02,3.601658999999999651e+03,3.924069999999999823e+02,9.026399999999999864e+02,8.077090000000000600e+02,8.606750000000000682e+02,3.656798000000000229e+03,3.760685999999999694e+03,4.053943000000000211e+03,3.490461999999999989e+03,5.348700000000000045e+02,3.846248000000000047e+03,2.983360000000000127e+02,3.523179000000000087e+03,5.055300000000000296e+02,8.140300000000000580e+01,3.680262999999999920e+03,2.555578999999999724e+03,2.223112000000000080e+03,1.223900000000000006e+02,4.025829000000000178e+03,3.982168999999999869e+03,3.895824999999999818e+03,3.840874000000000251e+03,2.976525999999999840e+03,2.880456999999999880e+03,4.073448000000000320e+03,3.476538000000000011e+03,3.908179000000000087e+03,3.938758000000000266e+03,3.633703999999999724e+03,3.492315000000000055e+03,3.682002999999999702e+03,3.985135999999999967e+03,3.098636999999999716e+03,3.484538000000000011e+03,3.472384000000000469e+03,4.054516000000000076e+03,3.649956000000000131e+03,4.032907999999999902e+03,3.706612999999999829e+03,1.299759999999999991e+03,3.514045999999999822e+03,8.850490000000000919e+02,2.312930000000000064e+02,3.275729999999999791e+02,8.780830000000000837e+02,3.849481999999999971e+03,3.984778999999999996e+03,2.883032999999999902e+03,3.832868999999999687e+03,2.918873000000000047e+03,3.576126999999999953e+03,2.950110000000000241e+02,7.880109999999999673e+02,3.974380000000000109e+03,3.889519000000000233e+03,2.929405999999999949e+03,3.625148999999999887e+03,3.747945999999999913e+03,3.531833000000000084e+03,3.354893000000000029e+03,3.986022999999999683e+03,2.833509999999999991e+02,2.723430000000000177e+02,4.017826999999999771e+03,2.648220000000000027e+02,2.080469999999999970e+02,3.628304000000000087e+03,3.599829000000000178e+03,3.960755000000000109e+03,3.277856999999999971e+03,3.527411000000000058e+03,4.099210000000000036e+03,3.981556999999999789e+03,3.694847999999999956e+03,3.994864999999999782e+03,3.507876000000000204e+03,3.702614000000000033e+03,3.648523999999999887e+03,4.130864999999999782e+03,3.850533999999999651e+03,4.388753999999999905e+03,3.918929000000000087e+03,3.104615999999999985e+03,3.983686000000000149e+03,3.676714000000000397e+03,3.736545000000000073e+03,8.150370000000000346e+02,5.339990000000000236e+02,4.029016999999999825e+03,5.354510000000000218e+02,5.283509999999999991e+02,4.029911000000000058e+03,3.275199999999999818e+02,3.943536999999999807e+03
3.465282000000000153e+03,3.956190000000000055e+03,3.337173999999999978e+03,3.485494000000000142e+03,3.783201000000000022e+03,2.012470000000000255e+03,1.942565000000000055e+03,1.998851999999999862e+03,0.000000000000000000e+00,3.504952000000000226e+03,3.564170000000000073e+03,1.859818999999999960e+03,2.772599999999999909e+03,3.712307000000000244e+03,2.575746999999999844e+03,2.453048999999999978e+03,3.096360000000000127e+03,1.847133000000000038e+03,3.784927000000000135e+03,1.969773000000000138e+03,1.309014000000000124e+03,3.226197999999999865e+03,3.151516000000000076e+03,3.572201000000000022e+03,3.690422000000000025e+03,1.972711999999999989e+03,2.643085000000000036e+03,1.989327999999999975e+03,1.995893000000000029e+03,2.516492999999999938e+03,1.349424000000000206e+03,1.976972000000000207e+03,1.804586999999999989e+03,1.995992999999999938e+03,3.333362999999999829e+03,2.080753999999999905e+03,1.192014000000000124e+03,1.309049999999999955e+03,1.756390000000000100e+03,3.760266000000000076e+03,3.399652000000000044e+03,3.976509000000000015e+03,3.007534999999999854e+03,1.984722999999999956e+03,2.710576000000000022e+03,1.970948000000000093e+03,3.281463999999999942e+03,1.910626999999999953e+03,1.920542999999999893e+03,3.218284999999999854e+03,2.130074000000000069e+03,1.843019000000000005e+03,1.970818000000000211e+03,3.873764000000000124e+03,3.694614000000000033e+03,3.725844000000000051e+03,3.396215000000000146e+03,2.522275999999999840e+03,2.427391999999999825e+03,3.475166000000000167e+03,2.946104000000000269e+03,3.758253999999999905e+03,3.616170000000000073e+03,3.236385000000000218e+03,3.558880999999999858e+03,3.657714999999999691e+03,3.254583999999999833e+03,2.558041999999999916e+03,3.506362000000000080e+03,3.003375000000000000e+03,3.483465999999999894e+03,3.736957000000000335e+03,3.713963000000000193e+03,3.688782999999999902e+03,9.502649999999999864e+02,3.360538000000000011e+03,1.817255000000000109e+03,1.993864000000000033e+03,2.005765000000000100e+03,1.179383000000000038e+03,3.294563999999999851e+03,3.675619000000000142e+03,2.751105000000000018e+03,3.065679000000000087e+03,2.414773999999999887e+03,2.900677999999999884e+03,1.992317000000000007e+03,1.306646999999999935e+03,3.476548000000000229e+03,3.840967000000000098e+03,2.727273000000000138e+03,3.712150000000000091e+03,3.308826000000000022e+03,3.085141000000000076e+03,2.957630000000000109e+03,3.525858999999999924e+03,1.996266000000000076e+03,1.972070000000000164e+03,3.695534000000000106e+03,1.999451999999999998e+03,1.929413000000000011e+03,3.706525999999999840e+03,3.523233999999999924e+03,3.820954999999999927e+03,3.592231999999999971e+03,2.706916999999999916e+03,3.391278999999999996e+03,3.761201000000000022e+03,3.632131000000000313e+03,3.903915000000000418e+03,3.603965999999999894e+03,3.486202999999999975e+03,3.624235999999999876e+03,3.383931000000000040e+03,3.642518000000000029e+03,3.641697999999999865e+03,3.595867000000000189e+03,2.601496999999999844e+03,3.915093000000000302e+03,3.792632999999999811e+03,3.289853000000000065e+03,1.746121000000000095e+03,1.841258000000000038e+03,3.861459000000000287e+03,1.919374000000000024e+03,1.955834000000000060e+03,3.707322999999999865e+03,1.779259000000000015e+03,3.568344999999999800e+03
3.499317000000000007e+03,3.786181999999999789e+03,3.584319000000000415e+03,3.227121000000000095e+03,3.613193000000000211e+03,4.304315000000000509e+03,3.661096999999999753e+03,4.243779999999999745e+03,3.504952000000000226e+03,0.000000000000000000e+00,3.394161999999999807e+03,4.223101000000000568e+03,3.753255000000000109e+03,3.542298999999999978e+03,3.861786000000000058e+03,3.433704000000000178e+03,3.502090000000000146e+03,3.565664999999999964e+03,3.654712000000000444e+03,3.723107999999999720e+03,3.868619999999999891e+03,9.138070000000000164e+02,8.645760000000000218e+02,3.838430000000000291e+03,3.859385000000000218e+03,4.322133000000000720e+03,3.468637999999999920e+03,4.382858000000000175e+03,4.257093999999999141e+03,3.442826000000000022e+03,3.869364000000000033e+03,4.200345999999999549e+03,4.050673999999999978e+03,4.424834000000000742e+03,3.587583000000000538e+03,4.275478999999999360e+03,3.985619999999999891e+03,3.996666000000000167e+03,3.656407999999999902e+03,3.429615999999999985e+03,3.643243000000000393e+03,7.190620000000000118e+02,3.560824000000000069e+03,4.008265000000000327e+03,3.691231000000000222e+03,4.376462999999999738e+03,2.549871999999999844e+03,4.156713999999999942e+03,4.162377000000000407e+03,3.784302999999999884e+03,3.249646000000000186e+03,3.274485000000000127e+03,4.366170000000000982e+03,3.703756000000000313e+03,3.524605999999999767e+03,3.555835999999999785e+03,3.316400000000000091e+03,3.089398999999999887e+03,3.278495000000000346e+03,1.906742999999999938e+03,3.301595000000000255e+03,3.652377000000000407e+03,3.446161999999999807e+03,8.587839999999999918e+02,3.588950000000000273e+03,4.044319000000000415e+03,3.756117000000000189e+03,2.763954000000000178e+03,4.031064000000000306e+03,3.629814000000000306e+03,6.932640000000000100e+02,3.770992000000000189e+03,3.543954999999999927e+03,4.026317000000000007e+03,3.511380000000000109e+03,2.317519999999999982e+03,3.659701000000000022e+03,4.335263999999999214e+03,4.319650999999999840e+03,3.673030999999999949e+03,8.454410000000000309e+02,3.505610999999999876e+03,3.411735999999999876e+03,3.631697000000000116e+03,2.991606000000000222e+03,3.347108000000000175e+03,4.328493999999999687e+03,3.800295000000000073e+03,3.306539999999999964e+03,3.569664000000000215e+03,2.933185000000000400e+03,3.746184999999999945e+03,3.324363000000000284e+03,2.592916999999999916e+03,1.125725000000000136e+03,9.377970000000000255e+02,4.366846999999999753e+03,4.331819999999998799e+03,3.525525999999999840e+03,4.327835000000000036e+03,4.292579000000000633e+03,3.830879000000000360e+03,9.357910000000000537e+02,3.703732000000000426e+03,9.659230000000000018e+02,3.662719999999999800e+03,8.057860000000000582e+02,3.591192999999999756e+03,8.558890000000000100e+02,3.733907000000000153e+03,3.707635000000000218e+03,9.562770000000000437e+02,4.077798000000000229e+03,1.964159999999999854e+03,8.023079999999999927e+02,8.176900000000000546e+02,1.752223999999999933e+03,2.804883000000000266e+03,3.745085000000000036e+03,3.808170000000000073e+03,2.591905999999999949e+03,3.923494000000000142e+03,4.296827000000000226e+03,3.691451000000000022e+03,4.132043000000000575e+03,3.899427000000000135e+03,3.537314999999999600e+03,4.208100000000000364e+03,8.953110000000000355e+02
3.164829999999999927e+03,3.951320000000000050e+02,8.554579999999999700e+02,1.290938000000000102e+03,2.322839999999999918e+02,3.857041000000000167e+03,3.850369999999999891e+03,3.886758000000000266e+03,3.564170000000000073e+03,3.394161999999999807e+03,0.000000000000000000e+00,3.943322000000000116e+03,3.873706000000000131e+03,1.621659999999999968e+02,3.968586999999999989e+03,3.845125000000000000e+03,3.691377999999999702e+03,3.754938000000000102e+03,9.787989999999999782e+02,3.912380999999999858e+03,3.990811000000000149e+03,3.813481000000000222e+03,3.400172999999999774e+03,8.202920000000000300e+02,9.370439999999999827e+02,3.865638000000000375e+03,3.744652000000000044e+03,3.823073000000000320e+03,3.884738000000000284e+03,3.718840000000000146e+03,3.881221000000000004e+03,3.941486000000000331e+03,3.939230000000000018e+03,3.692104000000000269e+03,9.593319999999999936e+02,3.948709000000000287e+03,4.038630999999999858e+03,4.017568999999999960e+03,3.845681000000000040e+03,9.856380000000000337e+02,9.343229999999999791e+02,4.022708999999999833e+03,3.567443999999999960e+03,4.119127000000000407e+03,3.587597999999999956e+03,3.759163000000000011e+03,2.597413000000000011e+03,3.969267000000000280e+03,3.968161000000000058e+03,3.233854000000000269e+03,3.560983999999999924e+03,3.227311000000000149e+03,3.764368000000000393e+03,3.228469999999999800e+02,1.304440000000000168e+02,1.616740000000000066e+02,1.201659000000000106e+03,3.365413000000000011e+03,3.617327000000000226e+03,2.753574000000000069e+03,2.202510000000000218e+03,1.006345000000000027e+03,5.200000000000000000e+01,3.749150000000000091e+03,2.107956999999999880e+03,3.871901999999999589e+03,3.288371000000000095e+03,3.683439000000000306e+03,4.002408999999999651e+03,9.922649999999999864e+02,3.424632999999999811e+03,3.180326000000000022e+03,1.497930000000000064e+02,4.065869999999999891e+03,4.402702000000000226e+03,2.698847000000000207e+03,3.848974000000000160e+03,3.828907000000000153e+03,3.825023000000000138e+03,4.077554000000000087e+03,3.849421000000000276e+03,1.114489999999999981e+02,3.687750000000000000e+03,3.386460000000000036e+03,3.378275000000000091e+03,3.513912000000000262e+03,3.807132000000000062e+03,4.105690999999999804e+03,8.762199999999999989e+01,9.844180000000000064e+02,3.514208000000000084e+03,3.188634000000000015e+03,8.749590000000000600e+02,2.509467000000000098e+03,3.741886999999999716e+03,3.411744000000000142e+03,3.828121000000000095e+03,3.810012000000000171e+03,1.313640000000000043e+02,3.826286000000000058e+03,3.895551000000000386e+03,8.183469999999999800e+02,3.879724000000000160e+03,9.885059999999999718e+02,4.048423000000000229e+03,3.174727000000000317e+03,3.277164000000000215e+03,2.110600000000000023e+02,4.032130000000000109e+03,3.530529999999999973e+02,4.176052000000000589e+03,3.553476000000000113e+03,3.838422999999999774e+03,2.662338999999999942e+03,3.528403000000000247e+03,4.211851999999999862e+03,2.803007999999999811e+03,3.564998000000000047e+03,3.642099999999999795e+02,9.284039999999999964e+02,2.714179000000000087e+03,3.809164999999999964e+03,3.803230000000000018e+03,3.002669999999999959e+02,3.824443000000000211e+03,4.040260999999999967e+03,1.431530000000000200e+02,3.895003000000000156e+03,3.454230000000000018e+03
3.448889000000000124e+03,3.999152999999999793e+03,3.526658999999999651e+03,3.977651000000000295e+03,4.006784999999999854e+03,1.544389999999999930e+02,7.349970000000000709e+02,1.390330000000000155e+02,1.859818999999999960e+03,4.223101000000000568e+03,3.943322000000000116e+03,0.000000000000000000e+00,3.601480999999999767e+03,4.077679000000000087e+03,2.680913000000000011e+03,3.568042000000000371e+03,3.113695999999999913e+03,8.304290000000000873e+02,3.873004000000000360e+03,7.970080000000000382e+02,9.084630000000000791e+02,3.760437000000000353e+03,3.412702000000000226e+03,3.882410000000000309e+03,3.812948000000000320e+03,1.575519999999999925e+02,2.969146000000000186e+03,3.030349999999999682e+02,1.927630000000000052e+02,2.978612000000000080e+03,8.308079999999999927e+02,2.265970000000000368e+02,6.015620000000000118e+02,2.512180000000000177e+02,3.640327999999999520e+03,2.690679999999999836e+02,8.819610000000000127e+02,8.163250000000000455e+02,7.729440000000000737e+02,3.680121000000000095e+03,3.730208000000000538e+03,3.970336000000000240e+03,3.629494999999999891e+03,5.966790000000000873e+02,3.825569000000000415e+03,3.701839999999999691e+02,3.384146000000000186e+03,5.031399999999999864e+02,6.072400000000000375e+01,3.541230000000000018e+03,2.468744000000000142e+03,2.128635999999999967e+03,2.267460000000000377e+02,4.082393000000000029e+03,4.073766000000000076e+03,3.967672999999999774e+03,3.888372000000000298e+03,2.837492999999999938e+03,2.859778000000000247e+03,4.096220000000000255e+03,3.515207000000000335e+03,3.958756000000000768e+03,3.995322000000000116e+03,3.613025000000000546e+03,3.554202000000000226e+03,3.720672000000000025e+03,3.926660000000000309e+03,3.090733000000000175e+03,3.523207000000000335e+03,3.333931000000000495e+03,4.111769000000000233e+03,3.720564000000000306e+03,4.089471999999999753e+03,3.745282000000000153e+03,1.438793000000000120e+03,3.375012999999999920e+03,8.338090000000000828e+02,1.362379999999999995e+02,3.662419999999999618e+02,8.574040000000001100e+02,3.828803000000000338e+03,4.054771000000000186e+03,2.744000000000000000e+03,3.693836000000000240e+03,2.935023000000000138e+03,3.632690999999999804e+03,3.568980000000000246e+02,8.006250000000000000e+02,4.030943999999999960e+03,3.876043000000000575e+03,2.979418000000000120e+03,3.695757000000000062e+03,3.639382000000000517e+03,3.392800000000000182e+03,3.334214000000000397e+03,3.965344000000000051e+03,3.406039999999999850e+02,1.333100000000000023e+02,4.074686000000000149e+03,3.123199999999999932e+02,6.959400000000000830e+01,3.767336999999999989e+03,3.623152000000000044e+03,3.958969000000000506e+03,3.257178000000000338e+03,3.574909000000000106e+03,4.081094000000000051e+03,4.038120999999999640e+03,3.674169000000000324e+03,4.051428999999999633e+03,3.646909000000000106e+03,3.563581000000000131e+03,3.687193000000000211e+03,4.153636999999999716e+03,3.829855000000000018e+03,4.305146999999999935e+03,3.941701000000000022e+03,3.121746000000000095e+03,4.040250000000000000e+03,3.593107000000000426e+03,3.597512000000000171e+03,8.187670000000000528e+02,5.333659999999999854e+02,4.085580999999999676e+03,5.969540000000000646e+02,5.929350000000000591e+02,4.086474999999999909e+03,3.508430000000000177e+02,3.922858000000000175e+03
