0.000000000000000000e+00,1.654994865751512556e+00,1.064739495919729251e+01,1.684944665611138603e+01,1.649189443815893341e+01,1.405682750362926647e+01,1.910518773586312946e+01,2.508280982811909254e+00,1.678864816214236200e+01,1.329691251896716686e+01,3.998556739510043201e+00,1.319701484786008372e+01,1.342439011988223108e+01,1.182408424577919703e+01,1.349225861664143444e+01,1.470972932919978504e+01,3.696603801920689936e+00,1.992181278632119756e+01,2.752070572134393878e+00,6.329326335278957494e+00,1.540434918446045742e+00,1.217831283926460273e+01,3.384539554111336557e+00,1.423075965304726651e+02,1.379293706101089185e+02,1.349823989199068421e+02,1.495175340941738966e+02,1.470784824103330095e+02,1.439222823570357832e+02,1.346377362270808078e+02,1.361083753021492555e+02,1.407741762778022689e+02,1.388444536811833530e+02,1.430897636551450773e+02,1.474315815869354935e+02,1.405215257649790601e+02,1.382595694610028545e+02,1.448080974057438652e+02,1.461929036037569176e+02,1.316268861093117266e+02,1.359614874716170903e+02,1.354786981062003974e+02,1.411023398224689629e+02,1.399105776869511999e+02,1.368907431581069716e+02,1.488400126078664982e+02,2.324053824767021013e+02,2.240145884409851078e+02,2.228463493223199521e+02,2.276757016405720151e+02,2.352417197007444827e+02,2.344788964369280109e+02,2.214804292779100479e+02,2.234708451131716629e+02,2.302579746735827939e+02,2.336784514338729650e+02,2.282414276697089690e+02,2.268068812086597461e+02,2.357856578047295102e+02,2.333346191471858617e+02,2.266901641671441041e+02,2.348321820404455025e+02,2.364371703674222829e+02,2.370637564101965893e+02,2.228314891621043898e+02,2.274488020850520229e+02,2.360941306978818091e+02,2.405649937214944032e+02,2.340457270025165712e+02,4.327390384332952067e+02,4.323623488180959384e+02,4.222541408817361344e+02,4.281932055183124248e+02,4.271312166935308596e+02,4.147609820342172497e+02,4.284750006734359431e+02,4.271845279082554612e+02,4.299853699007580303e+02,4.264711238843141814e+02,4.234050960089995215e+02,4.204856982534889767e+02,4.192340626924370781e+02,4.288234766198057741e+02,4.273680103958755581e+02,4.295957427697158550e+02,4.293090547781515056e+02,4.345386884411169603e+02,4.289926540700735131e+02,4.268396961725253504e+02,4.223451659311261892e+02,4.340413306209026700e+02,4.225680214426090515e+02,2.592414759819655501e+02,1.277229362870818932e+02,2.882262681052969242e+02,5.194831200710514167e+02,3.646630718775219293e+02,4.939482002418155844e+02,4.161477901402073485e+02,4.580594496827236526e+02
1.654994865751512556e+00,0.000000000000000000e+00,8.992400093445779063e+00,1.796116178986842016e+01,1.814688930391044508e+01,1.571182236938077992e+01,2.076018260161464113e+01,8.532861170603964762e-01,1.844364302789387366e+01,1.244292501266519402e+01,5.150035658349336742e+00,1.154201998210857028e+01,1.453610525363926342e+01,1.297556316461849235e+01,1.492423976231848926e+01,1.636472419495129671e+01,4.848082720759983033e+00,2.107329170516048933e+01,1.097075706382881100e+00,6.891744671703396108e+00,2.102853254870484356e+00,1.211253949148889220e+01,1.729544688359823779e+00,1.406526016647211463e+02,1.362743757443573998e+02,1.333274040541553234e+02,1.478625392284224063e+02,1.454234875445815192e+02,1.422672874912842644e+02,1.329827413613293174e+02,1.344533804363977652e+02,1.419256551966415429e+02,1.371894588154318626e+02,1.414347687893935870e+02,1.457765867211839748e+02,1.388665308992275698e+02,1.366045745952513641e+02,1.431531025399923465e+02,1.445379087380054273e+02,1.299718912435602078e+02,1.365239058080415475e+02,1.338237032404488787e+02,1.394473449567174725e+02,1.382555828211996811e+02,1.352357482923554528e+02,1.471850177421150079e+02,2.340603773424536200e+02,2.223595935752335890e+02,2.231060140681911719e+02,2.279353663864432349e+02,2.351596090711703084e+02,2.356303753557672849e+02,2.198254344121585291e+02,2.233256332928942527e+02,2.319129695393343127e+02,2.335963408042987908e+02,2.285010924155801888e+02,2.284618760744112649e+02,2.374406526704810290e+02,2.338970374836103190e+02,2.278416430859833781e+02,2.353946003768699597e+02,2.347821755016707641e+02,2.354087615444450705e+02,2.211764942963528711e+02,2.257938072193005041e+02,2.344391358321302903e+02,2.389099988557428844e+02,2.351574421362736302e+02,4.333014567697196071e+02,4.310549065819107568e+02,4.239091357474876531e+02,4.265382106525609061e+02,4.278291078730669028e+02,4.159124609530565522e+02,4.283972261168417504e+02,4.288395227740069799e+02,4.311368488195973327e+02,4.276226028031534838e+02,4.245565749278388239e+02,4.221406931192404954e+02,4.203855416112763805e+02,4.293858949562301746e+02,4.279304287322999585e+02,4.283652069160616520e+02,4.298714731145759060e+02,4.332312462049317787e+02,4.291134496276088157e+02,4.267739228247496612e+02,4.234966448499654916e+02,4.330305299694437622e+02,4.237195003614483539e+02,2.591593653523913758e+02,1.288744152059211956e+02,2.887407065074955881e+02,5.186291325647493977e+02,3.630080770117704105e+02,4.956031951075671032e+02,4.167102084766317489e+02,4.597144445484751714e+02
1.064739495919729251e+01,8.992400093445779063e+00,0.000000000000000000e+00,1.267567555284329828e+01,1.774423245752767286e+01,8.449408199206560610e+00,1.956444577030351084e+01,8.139113976385383253e+00,2.355500984889479810e+01,4.445690286073626041e+00,1.414243575179511581e+01,2.549619888662790768e+00,9.250619016614141543e+00,1.855310826677757774e+01,7.134122322058384924e+00,2.395990417696685526e+01,1.384048281420576210e+01,1.470594583507976871e+01,1.008947579982866039e+01,1.588414476514917340e+01,1.109525334831626253e+01,6.827053254463768539e+00,1.072194478180560218e+01,1.496450017581669272e+02,1.433219720326190725e+02,1.423198041476011042e+02,1.551483670877473742e+02,1.519199149481295308e+02,1.485072684540752732e+02,1.402685692206542853e+02,1.417392082957227331e+02,1.442242977212980009e+02,1.391370231578681853e+02,1.487205966487185549e+02,1.528241830094456475e+02,1.408140952416638925e+02,1.438904024545763320e+02,1.521455026334381273e+02,1.518237365973303952e+02,1.389642913370059887e+02,1.455163059014873284e+02,1.428161033338946595e+02,1.467331728160424404e+02,1.423992213505851510e+02,1.442281483858012336e+02,1.544708456014399758e+02,2.276946594727809270e+02,2.223029518468445929e+02,2.164882130277368901e+02,2.213175653459889531e+02,2.319164060688011375e+02,2.307686588901975426e+02,2.197687926837695329e+02,2.232424725312931173e+02,2.298420672759002343e+02,2.334796743356726552e+02,2.218832913751259071e+02,2.332931607408232821e+02,2.330438436725569602e+02,2.339677716048143736e+02,2.298989619712718024e+02,2.344893606235918071e+02,2.317230649788033361e+02,2.351320827076062301e+02,2.210933335347517357e+02,2.257106464576993687e+02,2.334231919560386643e+02,2.375503198396603466e+02,2.298719558992484906e+02,4.285440014293615150e+02,4.300922820038184113e+02,4.229425434807241686e+02,4.218609657814786260e+02,4.245639231056250082e+02,4.249048610465023330e+02,4.237199812457594703e+02,4.223663509636480740e+02,4.273510808003041461e+02,4.218897903876511464e+02,4.211350291947219944e+02,4.211741008524770109e+02,4.206665496614145354e+02,4.269511139395841042e+02,4.264282721665269946e+02,4.249227198370132896e+02,4.283693165488029422e+02,4.322686216268394332e+02,4.241744771254661259e+02,4.214884365877244932e+02,4.197108768306723050e+02,4.309841137695829616e+02,4.194880213191894427e+02,2.580832313849484194e+02,1.344519603080802597e+02,2.847677763407961606e+02,5.106318978381578404e+02,3.702939048710953784e+02,4.892374772378943817e+02,4.135529808521649784e+02,4.578633777894064565e+02
1.684944665611138603e+01,1.796116178986842016e+01,1.267567555284329828e+01,0.000000000000000000e+00,5.068556904684375475e+00,5.538629307287421533e+00,1.373888328991852603e+01,1.881444790692881597e+01,1.772944736850981329e+01,1.251071650204040786e+01,2.084800339562142923e+01,1.012605566418050529e+01,3.425056536229156290e+00,1.538818311191499788e+01,9.822284466055648977e+00,1.357133218324719337e+01,2.054605045803207730e+01,2.228238161059748279e+01,1.905823749625130148e+01,2.317877299139034264e+01,1.838988157455743178e+01,5.848622298379527962e+00,1.623161710150859705e+01,1.565827654439076468e+02,1.491827482613468874e+02,1.476922730546850175e+02,1.611529672858744391e+02,1.568146941821250664e+02,1.556361071245534617e+02,1.482385198459662661e+02,1.467678807708978184e+02,1.491190769552935365e+02,1.440318023918637209e+02,1.566905472740305356e+02,1.572495290010392637e+02,1.457088744756594281e+02,1.503236957534757039e+02,1.534758017780025057e+02,1.571960492311332587e+02,1.433149304073752432e+02,1.512404546507731311e+02,1.471667424042639141e+02,1.528532195484873455e+02,1.472015411845046060e+02,1.436354884447539177e+02,1.594995180766150611e+02,2.237800825339944879e+02,2.168884076739775821e+02,2.176348281669351650e+02,2.175110963059604217e+02,2.256272542161185584e+02,2.249430964098125685e+02,2.143542485109025222e+02,2.120475075796971112e+02,2.216326747308751806e+02,2.240639859492470407e+02,2.177055332171555904e+02,2.250837681957982284e+02,2.272182811921719860e+02,2.255132591448987398e+02,2.259736901322668245e+02,2.286637981432068329e+02,2.293109896004147572e+02,2.293065202272212559e+02,2.141966465762384928e+02,2.188139594991861259e+02,2.289679499308742834e+02,2.312611679869777674e+02,2.240463934188635164e+02,4.230748131910228835e+02,4.218042282171576289e+02,4.146077539776418917e+02,4.193516495883491189e+02,4.162158456567112239e+02,4.220901042325722301e+02,4.174926341240682746e+02,4.220473680268584644e+02,4.190030033513903618e+02,4.215860116008605587e+02,4.134459902577899584e+02,4.153485383720919799e+02,4.079908741085712336e+02,4.240403350476649393e+02,4.212946615072711438e+02,4.207163760472965350e+02,4.232357058895470914e+02,4.239805678401786508e+02,4.214646187588436987e+02,4.205100056316402970e+02,4.113627993817585207e+02,4.226360363206691773e+02,4.111399438702756584e+02,2.496270104973396258e+02,1.312870351532176869e+02,2.818569974488769958e+02,5.186969240541246791e+02,3.809692388016388236e+02,4.853229002991079142e+02,4.211294166276827013e+02,4.466361121492491293e+02
1.649189443815893341e+01,1.814688930391044508e+01,1.774423245752767286e+01,5.068556904684375475e+00,0.000000000000000000e+00,1.060718621197179701e+01,1.880744019460290062e+01,1.900017542097084089e+01,2.279800427319418787e+01,1.757927340672478422e+01,2.049045117766897661e+01,1.519461256886487988e+01,8.493613440913531321e+00,2.045674001659937247e+01,1.489084137074002356e+01,1.863988908793156796e+01,2.018849824007962468e+01,2.735093851528185738e+01,1.924396501029332640e+01,2.282122077343789002e+01,1.803232935660497915e+01,1.091717920306390255e+01,1.987643399227026819e+01,1.515142085392232616e+02,1.447044466391130015e+02,1.514742933580657791e+02,1.560844103811900538e+02,1.517461372774406811e+02,1.505675502198690765e+02,1.431699629412818808e+02,1.416993238662134331e+02,1.440505200506091512e+02,1.389632454871793357e+02,1.516219903693461504e+02,1.521809720963548784e+02,1.406403175709750428e+02,1.458453941312418181e+02,1.555275790008892614e+02,1.547251303179579907e+02,1.481187805474706636e+02,1.524533819097760272e+02,1.471551191430215226e+02,1.477846626438029602e+02,1.427232395622707202e+02,1.487040453494383030e+02,1.544309611719306758e+02,2.187115256293101027e+02,2.120565179382414556e+02,2.172718917195280994e+02,2.124425394012760364e+02,2.205586973114341731e+02,2.289388087980209150e+02,2.145906771013165155e+02,2.069789506750127259e+02,2.165641178261907953e+02,2.189954290445626555e+02,2.126369763124712051e+02,2.200152112911138431e+02,2.289939878871836072e+02,2.204447022402143546e+02,2.262101187226808179e+02,2.275726866325958042e+02,2.244790998646786306e+02,2.254717576959319842e+02,2.091280896715541076e+02,2.137454025945017406e+02,2.241360601951381568e+02,2.261926110822933822e+02,2.291149503235478733e+02,4.233756171364954639e+02,4.176747419720694552e+02,4.196763108823262769e+02,4.162351350155688010e+02,4.212844025613956092e+02,4.228894363936796026e+02,4.180941504798496453e+02,4.182041880159773655e+02,4.237063260797471003e+02,4.266545685055449439e+02,4.142453224188973309e+02,4.204170952767763652e+02,4.130594310132556188e+02,4.194600553230060314e+02,4.162261046025868154e+02,4.156478191426121498e+02,4.181671489848627630e+02,4.198510815950904771e+02,4.163960618541593135e+02,4.177534582342995577e+02,4.164313562864429059e+02,4.196503653596024606e+02,4.162085007749600436e+02,2.445584535926552405e+02,1.363555920579020722e+02,2.804221989646282509e+02,5.222577283186253680e+02,3.811549663156808379e+02,4.802543433944235858e+02,4.261979735323670866e+02,4.415675552445647440e+02
1.405682750362926647e+01,1.571182236938077992e+01,8.449408199206560610e+00,5.538629307287421533e+00,1.060718621197179701e+01,0.000000000000000000e+00,1.242739952474763498e+01,1.656510848644117573e+01,1.641796360333892224e+01,6.972087194752985440e+00,1.805538424313930790e+01,8.814571899009614242e+00,2.113572771058265243e+00,1.570264110348742115e+01,4.283655158768226556e+00,1.682285793141097940e+01,1.775343130554995597e+01,2.097089784542659174e+01,1.680889807576366124e+01,2.038615383890822486e+01,1.559726242207531222e+01,4.537138533208636915e+00,1.492013333633770600e+01,1.522617795480585130e+02,1.440787856008850270e+02,1.465179927021331991e+02,1.607635941985385841e+02,1.586460857383352163e+02,1.506470937214953949e+02,1.478491467586304111e+02,1.463785076835619634e+02,1.441300635522354696e+02,1.475864313570747584e+02,1.563011741866946807e+02,1.521832432049527313e+02,1.475402660318695780e+02,1.459533591907370749e+02,1.479371724707150975e+02,1.558845654659623676e+02,1.377763011000878350e+02,1.457018253434857229e+02,1.416281130969765059e+02,1.492162845897140642e+02,1.428312046217659770e+02,1.430401581488830800e+02,1.591101449892792061e+02,2.289087949500165848e+02,2.155769239088066911e+02,2.136377458644467424e+02,2.184670981826988054e+02,2.290659389055109898e+02,2.236316126446416774e+02,2.130427647457316311e+02,2.175861368869845194e+02,2.271713040381625888e+02,2.296026152565344489e+02,2.190328242118357593e+02,2.306223975030856366e+02,2.259067974270010950e+02,2.310518884521861480e+02,2.246622063670959335e+02,2.273523143780359419e+02,2.279995058352438662e+02,2.279950364620503649e+02,2.182428663714615880e+02,2.188529817917973901e+02,2.276564661657033923e+02,2.314962737733481788e+02,2.227349096536926254e+02,4.224172675538669637e+02,4.273428575244450371e+02,4.158054972351682750e+02,4.190104986181884783e+02,4.206825730469630003e+02,4.276287335398596383e+02,4.208695140824693226e+02,4.207358842616876018e+02,4.245416326586777700e+02,4.227837548583869420e+02,4.189846195650773666e+02,4.140370546069211173e+02,4.135295034158586418e+02,4.185017057403775311e+02,4.211770505191555571e+02,4.209514818336669464e+02,4.231180949014315047e+02,4.276530024389109030e+02,4.216997245452141101e+02,4.191985218664693775e+02,4.169014286890459289e+02,4.264549348031510476e+02,4.166785731775630666e+02,2.529566615775244145e+02,1.316014931447901120e+02,2.763183681415895876e+02,5.131582947468372140e+02,3.787198993811512082e+02,4.904516127151300680e+02,4.198179328625117819e+02,4.507263315438506197e+02
1.910518773586312946e+01,2.076018260161464113e+01,1.956444577030351084e+01,1.373888328991852603e+01,1.880744019460290062e+01,1.242739952474763498e+01,0.000000000000000000e+00,2.161346871867503694e+01,3.990564078591288144e+00,1.939948671950062220e+01,1.971443670624935507e+01,1.701482588164071785e+01,1.031382675368936930e+01,2.753996421251850890e+01,1.671105468351586154e+01,4.395458406663343531e+00,2.001638964383870700e+01,2.059187195014011706e+01,2.185725830799752245e+01,2.409097949884947099e+01,2.064562265430917520e+01,1.273739251583974053e+01,2.248972728997446424e+01,1.557079955395487332e+02,1.529670495494219722e+02,1.540875866557699680e+02,1.669065650112211756e+02,1.627626431632188542e+02,1.573226813661118513e+02,1.537429239629439621e+02,1.525214784962445549e+02,1.565574630769831117e+02,1.552575568752786523e+02,1.621949513910082317e+02,1.624692605262485472e+02,1.569346289590743595e+02,1.572124659709359094e+02,1.603645719954627396e+02,1.626160693639260728e+02,1.502037006248354771e+02,1.550666752074802162e+02,1.540555126217241764e+02,1.586068172738340820e+02,1.540903114019648115e+02,1.554675576736307221e+02,1.652531158019617976e+02,2.274092712767822491e+02,2.237771778914377876e+02,2.194163868765475911e+02,2.145870345582955281e+02,2.331540735933836288e+02,2.310833039550404067e+02,2.212430187283627276e+02,2.200506232845588386e+02,2.295566790799015564e+02,2.315908053265121112e+02,2.151527605874324820e+02,2.330077725448246042e+02,2.341070514096321915e+02,2.330400785221638102e+02,2.328271358200825034e+02,2.348040056884346711e+02,2.337996492717257695e+02,2.361952904446814614e+02,2.221997622811002202e+02,2.268170752040478533e+02,2.354997762489610977e+02,2.387879873642428379e+02,2.309351636363237219e+02,4.325335158810353278e+02,4.355431115070761621e+02,4.240057512177993431e+02,4.279557949687651330e+02,4.288828270295940683e+02,4.218651293292781475e+02,4.298148104330459773e+02,4.257351452815675543e+02,4.327418866413088949e+02,4.277757165027114752e+02,4.268406987008467581e+02,4.222373085895521854e+02,4.217297573984897667e+02,4.286179540675458952e+02,4.292977772121329281e+02,4.246752618312966661e+02,4.289524501699584107e+02,4.340823291747600479e+02,4.239270191197495024e+02,4.273987758491005025e+02,4.251016826716770538e+02,4.337887867732432028e+02,4.248788271601941915e+02,2.513527005972549944e+02,1.434388162538211873e+02,2.860520175866452064e+02,5.255856942715848845e+02,3.837682596133850552e+02,4.889520890418957038e+02,4.194389069672253072e+02,4.589265855264816878e+02
2.508280982811909254e+00,8.532861170603964762e-01,8.139113976385383253e+00,1.881444790692881597e+01,1.900017542097084089e+01,1.656510848644117573e+01,2.161346871867503694e+01,0.000000000000000000e+00,1.929692914495426947e+01,1.258480426245900929e+01,6.003321775409732552e+00,1.068873386504817447e+01,1.538939137069966279e+01,1.382884928167888816e+01,1.527323629844376818e+01,1.721801031201169252e+01,5.701368837820378843e+00,2.192657782222088514e+01,1.950361823443277576e+00,7.745030788763792806e+00,2.956139371930881055e+00,1.296582560854928978e+01,2.582830805420220255e+00,1.415058877817815528e+02,1.371276618614178062e+02,1.341806901712157298e+02,1.470092531113619998e+02,1.445702014275211127e+02,1.431205736083446709e+02,1.321294552442689110e+02,1.336000943193373587e+02,1.414234472618012717e+02,1.363361726983714561e+02,1.405814826723331805e+02,1.466298728382443812e+02,1.380132447821671633e+02,1.357512884781909577e+02,1.440063886570527529e+02,1.436846226209450208e+02,1.308251773606206143e+02,1.373771919251019256e+02,1.346769893575092851e+02,1.385940588396570661e+02,1.388734430471620556e+02,1.360890344094158593e+02,1.463317316250546014e+02,2.349136634595139981e+02,2.232128796922939955e+02,2.239593001852515783e+02,2.287886525035036414e+02,2.360128951882307149e+02,2.364836614728276913e+02,2.206787205292189356e+02,2.241789194099546592e+02,2.327662556563946907e+02,2.344496269213591972e+02,2.293543785326405953e+02,2.293151621914716429e+02,2.382939387875414070e+02,2.347503236006706970e+02,2.286949292030437846e+02,2.362478864939303378e+02,2.356354616187311706e+02,2.362620476615054770e+02,2.220297804134132775e+02,2.266470933363609106e+02,2.352924219491906968e+02,2.397632849728032909e+02,2.360107282533340083e+02,4.341547428867800136e+02,4.319081926989711633e+02,4.247624218645480596e+02,4.273914967696213125e+02,4.286823939901273093e+02,4.167657470701169586e+02,4.292505122339021568e+02,4.296928088910673864e+02,4.319901349366577392e+02,4.284758889202138903e+02,4.254098610448992304e+02,4.229939792363009019e+02,4.212388277283367870e+02,4.302391810732905810e+02,4.287837148493603650e+02,4.292184930331220585e+02,4.307247592316363125e+02,4.340845323219921852e+02,4.299667357446692222e+02,4.276272089418100109e+02,4.243499309670258981e+02,4.338838160865041687e+02,4.245727864785087604e+02,2.600126514694517823e+02,1.297277013229815736e+02,2.895939926245559946e+02,5.187710118145432716e+02,3.621547908947100041e+02,4.964564812246274528e+02,4.175634945936921554e+02,4.605677306655355778e+02
1.678864816214236200e+01,1.844364302789387366e+01,2.355500984889479810e+01,1.772944736850981329e+01,2.279800427319418787e+01,1.641796360333892224e+01,3.990564078591288144e+00,1.929692914495426947e+01,0.000000000000000000e+00,2.339005079809190946e+01,1.572387262765806604e+01,2.100538996023200511e+01,1.430439083228065655e+01,2.354940013392722165e+01,2.070161876210714880e+01,8.386022485254631675e+00,1.602582556524741975e+01,2.458243602873140432e+01,1.954071873427675499e+01,2.010041542025818018e+01,1.832908308058840774e+01,1.672795659443102778e+01,2.017318771625369678e+01,1.563993638337872767e+02,1.547180187722512699e+02,1.517710470820491935e+02,1.629160009326298848e+02,1.624422996759739135e+02,1.580140496603503948e+02,1.500015534927217118e+02,1.485309144176532641e+02,1.531033980411289974e+02,1.512669927966873615e+02,1.584535809207859813e+02,1.642202297490778449e+02,1.529440648804830687e+02,1.536233867266437585e+02,1.615967455678862166e+02,1.615567208693978216e+02,1.484155342714540780e+02,1.527501356337594700e+02,1.522673462683427488e+02,1.546162531952427912e+02,1.566992258490935512e+02,1.536793913202493229e+02,1.612625517233705068e+02,2.313998353553735399e+02,2.277677419700290784e+02,2.234069509551388819e+02,2.185775986368868189e+02,2.371446376719749196e+02,2.350738680336316975e+02,2.252335828069540185e+02,2.240411873631501294e+02,2.335472431584928472e+02,2.355813694051034020e+02,2.191433246660237728e+02,2.369983366234158950e+02,2.380976154882234823e+02,2.370306426007551011e+02,2.368176998986737942e+02,2.387945697670259619e+02,2.377902133503170603e+02,2.401858545232727522e+02,2.261903263596915110e+02,2.308076392826391441e+02,2.394903403275523885e+02,2.427785514428341287e+02,2.349257277149150127e+02,4.314904615646537991e+02,4.354828354631912930e+02,4.279963152963906623e+02,4.319463590473563954e+02,4.328733911081853876e+02,4.178814686793126043e+02,4.338053745116372397e+02,4.297257093601588736e+02,4.366946885227238795e+02,4.295916105294095360e+02,4.265255826540948760e+02,4.262278726681435046e+02,4.257203214770810291e+02,4.326085181461371576e+02,4.332883412907241905e+02,4.286658259098879853e+02,4.329430142485496731e+02,4.376591750862123149e+02,4.279175831983408216e+02,4.313893399276917648e+02,4.290544845530920384e+02,4.364238924807629587e+02,4.288316290416091761e+02,2.553432646758462852e+02,1.394482521752299249e+02,2.900425816652364688e+02,5.295762583501760901e+02,3.814517200396642806e+02,4.929426531204869661e+02,4.234294710458166264e+02,4.629171496050729502e+02
1.329691251896716686e+01,1.244292501266519402e+01,4.445690286073626041e+00,1.251071650204040786e+01,1.757927340672478422e+01,6.972087194752985440e+00,1.939948671950062220e+01,1.258480426245900929e+01,2.339005079809190946e+01,0.000000000000000000e+00,1.539880925824876812e+01,6.995310174736417252e+00,9.085659965811251126e+00,1.410741798070395348e+01,2.688432035984759327e+00,2.379494512616396662e+01,1.509685632065941441e+01,1.915163612115339475e+01,1.134584930628231270e+01,1.933466968436858835e+01,1.454577826753567749e+01,1.127274354053739458e+01,1.417246970102501713e+01,1.530955266773863457e+02,1.477676623186927145e+02,1.457703290668205227e+02,1.595940573738210162e+02,1.554793085514928634e+02,1.529529587401488868e+02,1.447142595067279274e+02,1.461848985817963751e+02,1.486699880073716145e+02,1.435827134439417989e+02,1.531662869347921969e+02,1.572698732955192895e+02,1.452597855277375061e+02,1.483360927406499741e+02,1.549092596654680847e+02,1.562694268834040372e+02,1.424148162562254072e+02,1.489668308207067184e+02,1.462666282531141064e+02,1.511788631021160825e+02,1.461197756232451752e+02,1.476786733050206522e+02,1.589165358875136178e+02,2.232489691867073134e+02,2.178572615607709793e+02,2.120425227416632765e+02,2.168718750599153395e+02,2.274707157827275239e+02,2.306036998393946647e+02,2.153231023976959193e+02,2.187967822452195037e+02,2.253963769898266207e+02,2.290339840495990416e+02,2.174376010890522934e+02,2.288474704547496685e+02,2.328788846217540822e+02,2.295220813187407600e+02,2.254532716851981888e+02,2.303709614606468961e+02,2.272773746927297225e+02,2.325133927283325193e+02,2.166476432486781221e+02,2.212649561716257551e+02,2.289775016699650507e+02,2.331046295535867330e+02,2.297069968484456126e+02,4.248602073402992687e+02,4.301145936992870702e+02,4.227775844299212622e+02,4.174152754954050124e+02,4.240621487495711222e+02,4.261612345529559889e+02,4.192742909596858567e+02,4.251162064872707447e+02,4.287484774188121150e+02,4.263354806737247600e+02,4.211573408901906532e+02,4.210091418016741045e+02,4.205015906106116290e+02,4.254737929351305183e+02,4.237456581797108015e+02,4.225598376139055290e+02,4.256867025619867491e+02,4.317068384892563131e+02,4.233080803254526927e+02,4.189335987141357691e+02,4.211082734491802739e+02,4.312319654963301332e+02,4.213311289606631362e+02,2.536375410988748058e+02,1.300062700220066461e+02,2.832904553363425748e+02,5.061862075520842268e+02,3.747395951571689920e+02,4.847917869518207681e+02,4.179986711382385920e+02,4.576984187386035501e+02
3.998556739510043201e+00,5.150035658349336742e+00,1.414243575179511581e+01,2.084800339562142923e+01,2.049045117766897661e+01,1.805538424313930790e+01,1.971443670624935507e+01,6.003321775409732552e+00,1.572387262765806604e+01,1.539880925824876812e+01,0.000000000000000000e+00,1.669205564045790524e+01,1.742294685939227605e+01,7.825527506269154721e+00,1.749081535615147942e+01,1.870828606870982824e+01,3.019529375893532652e-01,1.652716192198985823e+01,4.052959951966455421e+00,4.376542792600115916e+00,5.538991657956088943e+00,1.617686957877464593e+01,6.879580346709160743e+00,1.406754912061292089e+02,1.414244114027067383e+02,1.384774397125046619e+02,1.478128811071102007e+02,1.477301388297993299e+02,1.422901770326923270e+02,1.381327770196786560e+02,1.396034160947471037e+02,1.373795254134709296e+02,1.423394944737812011e+02,1.460195098013649044e+02,1.509266223795333133e+02,1.407897278931050380e+02,1.417546102536007027e+02,1.483031381983416850e+02,1.475835650305065485e+02,1.351219269019095464e+02,1.399600442111271263e+02,1.389737388987982172e+02,1.445973806150668111e+02,1.434056184795490196e+02,1.403857839507047913e+02,1.507550793729900533e+02,2.364039392162121374e+02,2.275096292335829276e+02,2.268449060618299882e+02,2.316742583800820512e+02,2.392402764402545188e+02,2.310842455725966715e+02,2.249754700705078676e+02,2.274694018526816990e+02,2.342565314130928300e+02,2.376770081733830011e+02,2.322399844092190051e+02,2.308054379481697822e+02,2.351528363368541932e+02,2.373331758866959262e+02,2.232955133028127648e+02,2.328793984977666582e+02,2.359729852656838318e+02,2.372410753719034631e+02,2.263265299547022096e+02,2.309438428776498426e+02,2.376731122429191601e+02,2.407423126832012770e+02,2.319809485635457236e+02,4.306625288760592412e+02,4.289676979537646275e+02,4.226411806856439739e+02,4.267558185792860286e+02,4.238035613417475815e+02,4.113663311698859388e+02,4.250803498091046322e+02,4.284723962520150167e+02,4.265907190364267194e+02,4.230764730199828705e+02,4.200104451446682106e+02,4.244096233138911316e+02,4.152355059529270420e+02,4.328220333593158102e+02,4.285372294796387109e+02,4.274125128017441284e+02,4.265961850973627634e+02,4.311440375767856494e+02,4.266642700901969647e+02,4.282741417980167853e+02,4.189505150667948783e+02,4.306466797565713591e+02,4.191733705782777406e+02,2.622027004873775127e+02,1.237243795475718429e+02,2.842277113657868881e+02,5.215850168103329452e+02,3.681581126701197491e+02,4.979467569813256205e+02,4.153741969390750910e+02,4.599723704537036610e+02
1.319701484786008372e+01,1.154201998210857028e+01,2.549619888662790768e+00,1.012605566418050529e+01,1.519461256886487988e+01,8.814571899009614242e+00,1.701482588164071785e+01,1.068873386504817447e+01,2.100538996023200511e+01,6.995310174736417252e+00,1.669205564045790524e+01,0.000000000000000000e+00,6.700999127951349443e+00,1.700921677225797879e+01,5.590230827538785974e+00,2.141028428830406227e+01,1.639010270286855331e+01,1.215632594641697750e+01,1.263909568849145160e+01,1.843376465381196638e+01,1.364487323697905552e+01,4.277433365800977327e+00,1.327156467046839339e+01,1.521946216468297166e+02,1.407723521439562830e+02,1.448694240362638936e+02,1.576979869764101636e+02,1.544695348367923202e+02,1.510568883427380626e+02,1.428181891093170748e+02,1.442888281843855225e+02,1.467739176099607903e+02,1.416866430465309747e+02,1.512702165373813443e+02,1.502745631207828581e+02,1.433637151303266819e+02,1.458757137897696623e+02,1.545206338550204919e+02,1.543733564859931846e+02,1.415139112256687781e+02,1.480659257901501178e+02,1.432230246478648041e+02,1.492827927047052299e+02,1.427535592207985644e+02,1.467777682744640231e+02,1.570204654901027652e+02,2.302442793614437164e+02,2.201643502656997669e+02,2.149443215332173054e+02,2.197736738514693684e+02,2.303725145742815528e+02,2.282190390015347532e+02,2.176301911026247069e+02,2.216985810367735326e+02,2.295907246598489166e+02,2.319357828411530704e+02,2.203393998806063223e+02,2.330418181247719644e+02,2.304942237838941708e+02,2.324238801102947889e+02,2.283550704767522177e+02,2.319397407349290177e+02,2.301791734842837513e+02,2.325824628189434407e+02,2.195494420402321509e+02,2.234404081486904659e+02,2.318793004615190796e+02,2.360064283451407618e+02,2.273223360105857012e+02,4.259943815406987255e+02,4.275426621151556219e+02,4.203929235920613792e+02,4.203170742869590413e+02,4.227586954726645558e+02,4.272295232808414767e+02,4.221760897512398856e+02,4.198167310749852845e+02,4.255458531673436937e+02,4.193401704989883569e+02,4.185854093060592049e+02,4.186244809638142215e+02,4.181169297727517460e+02,4.273162776393871241e+02,4.238786522778642052e+02,4.223730999483505002e+02,4.258196966601401527e+02,4.297190017381766438e+02,4.216248572368033365e+02,4.189388166990617037e+02,4.179056491977118526e+02,4.291788861366225092e+02,4.176827936862289903e+02,2.565393398904288347e+02,1.329080688135606749e+02,2.851329400405991805e+02,5.131815177268206298e+02,3.728435247597581679e+02,4.917870971265571711e+02,4.110033609635021890e+02,4.553137579007436671e+02
1.342439011988223108e+01,1.453610525363926342e+01,9.250619016614141543e+00,3.425056536229156290e+00,8.493613440913531321e+00,2.113572771058265243e+00,1.031382675368936930e+01,1.538939137069966279e+01,1.430439083228065655e+01,9.085659965811251126e+00,1.742294685939227605e+01,6.700999127951349443e+00,0.000000000000000000e+00,1.781621387454568861e+01,6.397227929826492243e+00,1.470928516035271372e+01,1.712099392180292057e+01,1.885732507436832606e+01,1.563318096002214475e+01,1.975371645516118946e+01,1.496482503832827682e+01,2.423565762150372116e+00,1.280656056527944031e+01,1.540798195855135191e+02,1.457576917251177235e+02,1.444044199310749264e+02,1.586500214274803113e+02,1.581763201708243400e+02,1.527606664925536677e+02,1.457355739875721383e+02,1.442649349125036906e+02,1.462436363232937424e+02,1.470010132915377881e+02,1.541876014156364079e+02,1.542968159760110041e+02,1.486780853753334952e+02,1.468986392172465401e+02,1.500507452417733703e+02,1.537709926949040948e+02,1.398898738711461078e+02,1.478153981145439957e+02,1.437416858680347787e+02,1.503502736900932177e+02,1.437764846482754422e+02,1.451537309199413528e+02,1.569965722182209333e+02,2.267952221789583120e+02,2.134633511377484183e+02,2.142097716307060011e+02,2.190391239489580641e+02,2.275920191419586160e+02,2.215180398735834046e+02,2.109291919746733583e+02,2.154725641159262466e+02,2.250577312671043160e+02,2.274890424854761761e+02,2.196048499780950181e+02,2.285088247320273638e+02,2.237932246559428222e+02,2.289383156811278752e+02,2.225486335960376607e+02,2.252387416069776691e+02,2.258859330641855934e+02,2.258814636909920921e+02,2.176217031124676282e+02,2.167394090207391173e+02,2.255428933946451195e+02,2.293827010022899060e+02,2.206213368826343526e+02,4.241405139370481265e+02,4.252292847533867644e+02,4.136919244641100022e+02,4.176419682150757353e+02,4.185690002759047275e+02,4.255151607688013655e+02,4.195009836793565796e+02,4.186223114906293290e+02,4.224280598876194972e+02,4.206701820873286692e+02,4.168710467940190938e+02,4.119234818358628445e+02,4.114159306448003690e+02,4.206152785114358039e+02,4.190634777480972843e+02,4.188379090626086736e+02,4.210045221303732319e+02,4.255394296678525734e+02,4.195861517741558373e+02,4.170849490954111047e+02,4.147878559179876561e+02,4.243413620320927748e+02,4.145650004065047938e+02,2.508430888064661417e+02,1.337150659158483847e+02,2.784319409126478604e+02,5.152718675178954300e+02,3.775441822654096882e+02,4.883380399440717383e+02,4.177043600914535091e+02,4.486127587727922901e+02
1.182408424577919703e+01,1.297556316461849235e+01,1.855310826677757774e+01,1.538818311191499788e+01,2.045674001659937247e+01,1.570264110348742115e+01,2.753996421251850890e+01,1.382884928167888816e+01,2.354940013392722165e+01,1.410741798070395348e+01,7.825527506269154721e+00,1.700921677225797879e+01,1.781621387454568861e+01,0.000000000000000000e+00,1.141898594471919459e+01,2.653381357497898207e+01,8.127480443858507542e+00,2.435268942825901206e+01,1.187848745823560925e+01,1.220207029886926975e+01,1.336451916422524278e+01,2.023977963669605629e+01,1.470510785297831369e+01,1.485010187123983769e+02,1.426691889784614489e+02,1.463029672187738015e+02,1.529510872333781606e+02,1.555556663360684979e+02,1.501157045389614950e+02,1.459583045259477956e+02,1.474289436010162433e+02,1.452050529197400692e+02,1.501650219800503407e+02,1.465233167943493413e+02,1.495098296843011383e+02,1.486152553993741776e+02,1.438101364705902654e+02,1.452637589500635045e+02,1.496264567429611816e+02,1.429474544081786860e+02,1.477855717173962944e+02,1.451198614823699700e+02,1.524229081213359507e+02,1.406879819016191675e+02,1.482113114569739309e+02,1.523548645295192898e+02,2.373563871674112704e+02,2.265878154695054150e+02,2.207730766503977122e+02,2.256024289686497752e+02,2.362012696914619596e+02,2.389097730788658112e+02,2.240536563064303550e+02,2.274356906916121090e+02,2.354194797770293235e+02,2.377645379583334773e+02,2.261681549977867292e+02,2.386309654544389502e+02,2.416094385304885179e+02,2.382526352274751957e+02,2.311210408090819044e+02,2.391015153693813318e+02,2.360079286014641582e+02,2.432796906831928254e+02,2.253781971574125578e+02,2.299955100803601908e+02,2.377080555786994864e+02,2.418351834623211687e+02,2.384375507571800483e+02,4.335907612490336760e+02,4.367932254600337956e+02,4.299959370895568895e+02,4.261458294041394197e+02,4.316040287686262218e+02,4.191918586761551069e+02,4.280048448684202640e+02,4.338467603960051520e+02,4.343911864633053597e+02,4.237948810874932519e+02,4.278359726509373786e+02,4.297396957104085118e+02,4.230610334591962101e+02,4.342043468438649256e+02,4.324762120884452088e+02,4.312903915226399363e+02,4.344172564707211563e+02,4.389695650830548175e+02,4.320386342341871000e+02,4.276641526228701764e+02,4.267509824936735185e+02,4.380242194325841751e+02,4.265281269821906562e+02,2.623680950076092699e+02,1.158988520413026890e+02,2.920210092450769821e+02,5.202936255327881554e+02,3.759836401763889171e+02,4.988992049325247535e+02,4.231997244453442022e+02,4.588723901345571221e+02
1.349225861664143444e+01,1.492423976231848926e+01,7.134122322058384924e+00,9.822284466055648977e+00,1.489084137074002356e+01,4.283655158768226556e+00,1.671105468351586154e+01,1.527323629844376818e+01,2.070161876210714880e+01,2.688432035984759327e+00,1.749081535615147942e+01,5.590230827538785974e+00,6.397227929826492243e+00,1.141898594471919459e+01,0.000000000000000000e+00,2.110651309017920596e+01,1.718886241856212393e+01,1.774655677395576348e+01,1.403428134226707158e+01,1.761027792428091487e+01,1.282138650744800401e+01,8.820793691976863471e+00,1.665378445067831237e+01,1.555768414270396249e+02,1.463625829714950726e+02,1.482516438164738020e+02,1.622824894098057769e+02,1.581677405874776241e+02,1.549307488802636215e+02,1.474026915427126880e+02,1.488733306177811357e+02,1.484137187110036962e+02,1.462711454799265596e+02,1.558547189707769576e+02,1.558647939483216476e+02,1.479482175637222667e+02,1.502370143495053014e+02,1.522208276294833240e+02,1.589578589193887979e+02,1.420599562588560616e+02,1.472424390606190627e+02,1.459117682557447324e+02,1.534999397484822907e+02,1.471148597805342035e+02,1.473238133076513066e+02,1.616049679234983785e+02,2.259374012226920740e+02,2.151688295247862186e+02,2.093540907056785159e+02,2.141834430239305789e+02,2.247822837467427632e+02,2.279152678034099040e+02,2.126346703617111586e+02,2.161083502092347430e+02,2.240004938323101271e+02,2.263455520136142809e+02,2.147491690530675328e+02,2.274515872972331749e+02,2.301904525857693216e+02,2.268336492827559994e+02,2.227648396492134282e+02,2.276825294246621354e+02,2.245889426567449618e+02,2.318607047384736290e+02,2.139592112126933614e+02,2.185765241356409945e+02,2.262890696339802901e+02,2.304161975176019723e+02,2.270185648124608520e+02,4.221717753043145080e+02,4.274261616633023095e+02,4.200891523939365015e+02,4.147268434594202517e+02,4.213737167135863615e+02,4.271130228289881643e+02,4.165858589237010960e+02,4.224277744512859840e+02,4.260600453828273544e+02,4.249304013265271465e+02,4.184689088542058926e+02,4.183207097656893438e+02,4.178131585746268684e+02,4.227853608991457577e+02,4.210572261437260408e+02,4.198714055779207683e+02,4.229982705260019884e+02,4.290184064532715524e+02,4.206196482894679320e+02,4.162451666781510085e+02,4.184198414131955133e+02,4.285435334603453725e+02,4.186426969246783756e+02,2.509491090628900452e+02,1.273178379860218854e+02,2.806020233003578142e+02,5.088746395880689875e+02,3.774280271931537527e+02,4.874802189878055287e+02,4.165935917910409785e+02,4.550099867026187894e+02
1.470972932919978504e+01,1.636472419495129671e+01,2.395990417696685526e+01,1.357133218324719337e+01,1.863988908793156796e+01,1.682285793141097940e+01,4.395458406663343531e+00,1.721801031201169252e+01,8.386022485254631675e+00,2.379494512616396662e+01,1.870828606870982824e+01,2.141028428830406227e+01,1.470928516035271372e+01,2.653381357497898207e+01,2.110651309017920596e+01,0.000000000000000000e+00,1.840633313112047631e+01,1.619641354347677265e+01,1.746179990133417803e+01,2.103905566447874165e+01,1.625016424764583078e+01,1.713285092250308494e+01,1.809426888331111982e+01,1.537637162195894973e+02,1.485715911427586207e+02,1.496921282491066165e+02,1.642272634233736994e+02,1.608183638432596467e+02,1.553784020461526154e+02,1.493474655562806106e+02,1.508181046313490583e+02,1.554839056070020433e+02,1.535541830103831558e+02,1.577994929843448801e+02,1.580738021195851957e+02,1.552312550941788629e+02,1.529692987902026573e+02,1.595178267349436396e+02,1.606717900439668369e+02,1.463366154385115010e+02,1.506712168008168931e+02,1.501884274354001718e+02,1.558120691516687657e+02,1.505527982196009020e+02,1.516004724873067460e+02,1.635497419370663010e+02,2.318047296834456006e+02,2.281726362981011391e+02,2.238118452832109426e+02,2.189824929649588796e+02,2.375495320000469803e+02,2.329981834434285304e+02,2.256384771350260792e+02,2.244460816912221901e+02,2.339521374865649079e+02,2.359862637331754627e+02,2.195482189940958335e+02,2.374032309514879557e+02,2.370667742076860520e+02,2.374355369288271618e+02,2.372225942267458549e+02,2.367188851768227948e+02,2.381951076783891210e+02,2.391550132427353219e+02,2.265952206877635717e+02,2.312125336107112048e+02,2.398952346556244493e+02,2.426562505540331358e+02,2.338948864343775824e+02,4.366461453742700769e+02,4.350710377064934846e+02,4.281790861608890850e+02,4.323512533754284846e+02,4.297871778399584173e+02,4.174696709226147959e+02,4.310639663073154679e+02,4.301306036882309058e+02,4.325743355346375552e+02,4.233802580960481237e+02,4.261137848973970677e+02,4.266327669962155369e+02,4.215622062918184270e+02,4.330134124742092467e+02,4.303419669009658151e+02,4.290707202379600176e+02,4.322830112832417626e+02,4.372473773295145065e+02,4.283224775264128539e+02,4.317942342557638540e+02,4.249341315650057140e+02,4.362073685039163706e+02,4.247112760535228517e+02,2.557481590039183459e+02,1.424326656162816676e+02,2.904474759933085579e+02,5.299811526782482360e+02,3.793728012067217037e+02,4.933475474485590553e+02,4.150434485605619557e+02,4.602074443324963227e+02
