0.000000000000000000e+00,3.151467117851620148e-01,3.294139882290975097e-01,3.187892800346334710e-01,3.274746975828819462e-01,3.399358985603020966e-01,3.152750189184039820e-01,2.903189852369286172e-01,3.380564600003969633e-01,2.997290452141734285e-01,3.428443389105323980e-01,3.366359029277775639e-01,3.094045045987534048e-01,3.030630113887209931e-01,3.696195754082837737e-01,4.663541300449690619e-01,4.474259100063383565e-01,4.676611250072000847e-01,5.051356483985267598e-01,4.485608847625927043e-01,4.505531273767833800e-01,4.462696620755213228e-01,4.619775475626494154e-01,4.537386653460337427e-01,5.076129094900956318e-01,4.759123383681074793e-01,4.720037885621258811e-01,4.575088808034222798e-01,4.479833579565205004e-01,4.456593069565584209e-01,1.010845630264582073e+00,1.027986930179075831e+00,1.017289772666077674e+00,1.000678844267230527e+00,1.020505791637656534e+00,1.027988263981646888e+00,1.014062002738491231e+00,1.023910724294847974e+00,1.037580027639796176e+00,1.015614362295551798e+00,1.018272098601351150e+00,1.029878069081966663e+00,1.023119308683498652e+00,1.038330023330251262e+00,1.019396487065754142e+00,6.835434380300933199e-01,6.977268985211907415e-01,6.853244029319254249e-01,6.842872741217682631e-01,6.820589734172551877e-01,6.835234842446893389e-01,6.828673818985644406e-01,6.818403960818102405e-01,6.970453230723235860e-01,6.819823582681593388e-01,6.848977732793414264e-01,6.899397586637545654e-01,6.885491693568440708e-01,6.853675012954728585e-01,6.872111810244359020e-01,8.977815663617738640e-01,8.994337539702410567e-01,8.998528648806981556e-01,8.980190354029251587e-01,8.986986977591543413e-01,8.983851519031245125e-01,8.975654876937949611e-01,8.995710686994107252e-01,8.977172281297713941e-01,8.989004647623672906e-01,8.976406419642550816e-01,8.979764460134798121e-01,8.984628053097134526e-01,8.982400494272119174e-01,8.988064123703167763e-01
3.151467117851620148e-01,0.000000000000000000e+00,2.969804383389585967e-01,2.826701108288600106e-01,3.136288202461630092e-01,2.662375938611976078e-01,3.030231856508673327e-01,3.122218074718676739e-01,3.147694805488612801e-01,2.527367467959497072e-01,3.604688686336172676e-01,3.262774389901944017e-01,3.407648834167042451e-01,2.885913963738350740e-01,2.990717076722571588e-01,4.398139266473948261e-01,4.696802810135847772e-01,4.630809940064481989e-01,5.005077913289662783e-01,4.739203880030905536e-01,4.366638510364694858e-01,4.425907281688129524e-01,4.309659907394086109e-01,4.695135349763625565e-01,4.603291147885391066e-01,4.773687163032366287e-01,4.503130975710122885e-01,4.447982179876623920e-01,4.483732695388966127e-01,4.417070154491549716e-01,1.014000247468411775e+00,1.028504972031248910e+00,1.033297106528417553e+00,1.041595298070704612e+00,1.034184130457918016e+00,1.029480488628123691e+00,1.006791962296580856e+00,1.014912068744874052e+00,1.006462140810572281e+00,1.018747748974200285e+00,1.028588940145187314e+00,1.042760652601544935e+00,1.023892445856985578e+00,1.033608709623230704e+00,1.019346142560514146e+00,7.249436710896923763e-01,7.261774581140618690e-01,7.331850331382930852e-01,7.218552287252618660e-01,7.301354500864891683e-01,7.258511979372908041e-01,7.216784761374002155e-01,7.255895049688907417e-01,7.216662345641509102e-01,7.280606678986306646e-01,7.250198026330040291e-01,7.278604180294461212e-01,7.204334286039203450e-01,7.340634960825936917e-01,7.223813878949263412e-01,8.821325364127546864e-01,8.828736031414690100e-01,8.840076760786639287e-01,8.821868493539223310e-01,8.823003194292745599e-01,8.817805362730569696e-01,8.823389691524453626e-01,8.832222607124438074e-01,8.825679798026891953e-01,8.844421200180371256e-01,8.883412623277160414e-01,8.818583009106395476e-01,8.826390197730893394e-01,8.828893486881580488e-01,8.838470465312423530e-01
3.294139882290975097e-01,2.969804383389585967e-01,0.000000000000000000e+00,3.125770629620797658e-01,3.406159806115972577e-01,3.361187783105847871e-01,3.024440579429524822e-01,2.933458826453850254e-01,3.150661197288594506e-01,3.403303381510381365e-01,3.476506540681320034e-01,3.021666235324477201e-01,3.075895915339139086e-01,3.500487831845727205e-01,3.307654133823546561e-01,4.551574866483028559e-01,4.741345573632024801e-01,4.905174085554966368e-01,4.384425204767438689e-01,4.432442167586622683e-01,4.429278870933733292e-01,4.473488709374374150e-01,4.562874323734984472e-01,4.369778487143254897e-01,4.384293735095767808e-01,4.730891815810206458e-01,4.560330609681715330e-01,4.572867504979780118e-01,4.532417327530640638e-01,4.487943835187779840e-01,1.003772190821204280e+00,1.028564415166109303e+00,1.007833454903140247e+00,1.028492390574184068e+00,1.020612755128506022e+00,1.011275301773458812e+00,1.004860130890861791e+00,1.010994702920346766e+00,1.019600202719673776e+00,1.008537216898315547e+00,1.010485400962329638e+00,1.018873710826812884e+00,1.024535656281420071e+00,1.016896588434143656e+00,1.006299475437605340e+00,7.084279437070505336e-01,7.178278285146096893e-01,7.088495880551811679e-01,7.083715329775752689e-01,7.079781011676843372e-01,7.081212088124462234e-01,7.099193548925116781e-01,7.098686514975850459e-01,7.298762554536213365e-01,7.094595351413637285e-01,7.119766189454538319e-01,7.154489696805774734e-01,7.123676268262054689e-01,7.158909403156321627e-01,7.151734450837782253e-01,8.754581435636999975e-01,8.799458552467874783e-01,8.759994568839640783e-01,8.745542536967046976e-01,8.756843238570620747e-01,8.749870454418168242e-01,8.757049207929575863e-01,8.825057703505400086e-01,8.756640939823900904e-01,8.760193967173329765e-01,8.748490663771666398e-01,8.772134863292972984e-01,8.814289919925484273e-01,8.745334944540431588e-01,8.766208828969339617e-01
3.187892800346334710e-01,2.826701108288600106e-01,3.125770629620797658e-01,0.000000000000000000e+00,3.282520571542545951e-01,3.104900432381045294e-01,3.062912997017707695e-01,3.094721322655725193e-01,2.817665463624097755e-01,2.881332667100416356e-01,3.231754831465406541e-01,3.095128416980465480e-01,3.146378903883002010e-01,3.070037617293964183e-01,3.664920599098976384e-01,4.561843831314263409e-01,4.568736590065135550e-01,4.411991617546434097e-01,4.898884454944819611e-01,4.414027710878127286e-01,4.367788572653214518e-01,4.418897530493324788e-01,4.366733716268946797e-01,4.596809095470466011e-01,4.628279685466296645e-01,4.738525609068711120e-01,4.607808151138673147e-01,4.415303430898039894e-01,4.517921456455390450e-01,4.613939296067948725e-01,1.011381605999930988e+00,1.021549713024775041e+00,1.058321546531582058e+00,1.016656140681302167e+00,1.030188111545653484e+00,1.003314647014086125e+00,9.954192544601495607e-01,1.047887293643739115e+00,1.016535745878618835e+00,1.040659981461764527e+00,1.019574377803306842e+00,1.024269628473381877e+00,1.010139005171565518e+00,1.024878938929862038e+00,1.050669764438379561e+00,6.930940352001305760e-01,7.013237036497482757e-01,6.933758560686981154e-01,6.930825016850447051e-01,6.933108984128260044e-01,6.930041019005587222e-01,6.957860919118747933e-01,6.961483975719544581e-01,7.117079374898105382e-01,6.949119249789860175e-01,6.969477590049342197e-01,7.015894985816135687e-01,6.994345806528298182e-01,6.999744194547398157e-01,7.007444401727350725e-01,9.074644017756289260e-01,9.075301158936820434e-01,9.082373047728219406e-01,9.074940016093769879e-01,9.073573686111774395e-01,9.073790312945301251e-01,9.088619493080343226e-01,9.078792621510858307e-01,9.087130358864672353e-01,9.082682756570329419e-01,9.093098637334799950e-01,9.078354094371953176e-01,9.080021467358984077e-01,9.076542983085575944e-01,9.078765861261099968e-01
3.274746975828819462e-01,3.136288202461630092e-01,3.406159806115972577e-01,3.282520571542545951e-01,0.000000000000000000e+00,3.015920440926782575e-01,3.354629909841024271e-01,2.944296984765633063e-01,2.883292508730254111e-01,2.871152298294188387e-01,3.303593734117438174e-01,3.312176878670581859e-01,2.941956243658290227e-01,2.893228276113034014e-01,3.408648050782009942e-01,4.809414903145704523e-01,4.598680428351159533e-01,4.529891117466290917e-01,4.627716349583236854e-01,4.523951579670144607e-01,4.709327509241632570e-01,4.530353403289857916e-01,4.336668953228964285e-01,4.555608922295678598e-01,4.900038033668718263e-01,4.962669877807710517e-01,4.949977082674221762e-01,4.857031683497648467e-01,4.613800188012046610e-01,4.569605470650611734e-01,1.008769168984659181e+00,1.029430807189098962e+00,1.032158182968579752e+00,1.018880103692774819e+00,1.015219841739708917e+00,1.034265471976610007e+00,9.956605257109472085e-01,1.039048771462629528e+00,1.025205760374960029e+00,1.044723420863148844e+00,1.044439485012415458e+00,1.061318503749463460e+00,1.046671899098279956e+00,1.022605670810601275e+00,1.025980257475259672e+00,7.267183598485729146e-01,7.188270976041456484e-01,7.174213749603505219e-01,7.187082074402656451e-01,7.177639999846745500e-01,7.393957451331458763e-01,7.184437776952347088e-01,7.166488387732167231e-01,7.175809128481609456e-01,7.247305916055979402e-01,7.185361874331730458e-01,7.219023712178814778e-01,7.190337830477786518e-01,7.229395992709211072e-01,7.182772923502455109e-01,8.716360398486285854e-01,8.729520220831155086e-01,8.715162147831789774e-01,8.703880215082236971e-01,8.725525624975265515e-01,8.729137432106335304e-01,8.705124540665687416e-01,8.696645294928383452e-01,8.762442426384323690e-01,8.740521159095721027e-01,8.694386315703944712e-01,8.756158488932233031e-01,8.763502832024417932e-01,8.695108555337305312e-01,8.716049565743645422e-01
3.399358985603020966e-01,2.662375938611976078e-01,3.361187783105847871e-01,3.104900432381045294e-01,3.015920440926782575e-01,0.000000000000000000e+00,3.124884465080269291e-01,2.964153436379433071e-01,3.296179977079528589e-01,3.002402275145686916e-01,2.989930958166091002e-01,3.357179895879873754e-01,3.069347550881131315e-01,3.267440605198509984e-01,3.549159650297517565e-01,4.729574814388710080e-01,4.480919112034940643e-01,4.621236476550404926e-01,4.509417572103962546e-01,4.765757434763125411e-01,4.649020448911791448e-01,4.479690615667559772e-01,4.742138290317986504e-01,4.744269409782712055e-01,4.561129620368181703e-01,4.832371187915928124e-01,4.850698975621967057e-01,4.791722141881768482e-01,4.564649093413424841e-01,4.930289705220170515e-01,1.003733813727025970e+00,1.006338493471257367e+00,1.023102878868982657e+00,1.008038562068435784e+00,1.007738834621847879e+00,1.047099070140452337e+00,1.048159573588391957e+00,1.014698525252205163e+00,1.024605465935547244e+00,1.017043951076353370e+00,1.021838834088331094e+00,1.023199174128380573e+00,1.013032175937664814e+00,9.985917066454137458e-01,1.015219315969707159e+00,7.109236927434616771e-01,7.201440840838726487e-01,7.201133578715228634e-01,7.079631053303554467e-01,7.104623487602983456e-01,7.151255639683146148e-01,7.068954642547934375e-01,7.129432982748347136e-01,7.082757743817021945e-01,7.093940852065232505e-01,7.090549624147621799e-01,7.125583679313576280e-01,7.096004531431754359e-01,7.105447556663829767e-01,7.069067272773685850e-01,8.821641970092642948e-01,8.835571748002503112e-01,8.788387370058285963e-01,8.816843935683560396e-01,8.835385556239184757e-01,8.817034597210107183e-01,8.866630403405793004e-01,8.786555517175089758e-01,8.798556691440931887e-01,8.786517990011742940e-01,8.825257199181222312e-01,8.791188407274638239e-01,8.829202662086763631e-01,8.799788195894262532e-01,8.795817994126527983e-01
3.152750189184039820e-01,3.030231856508673327e-01,3.024440579429524822e-01,3.062912997017707695e-01,3.354629909841024271e-01,3.124884465080269291e-01,0.000000000000000000e+00,3.106527493037845589e-01,2.837001671148609017e-01,3.050402497982848682e-01,3.103380479992745022e-01,3.269341805027427550e-01,3.199086367965078836e-01,3.049035554827132510e-01,3.257970761071989352e-01,4.551394096559865377e-01,5.049003607168447427e-01,4.665513006015523101e-01,5.089003396638677179e-01,4.876902367251163550e-01,4.386765394969281973e-01,4.454147878371350622e-01,4.441387470813596972e-01,4.581344928708162567e-01,4.550309782806001291e-01,4.689645191792231604e-01,4.508729255510913747e-01,4.679586511765756462e-01,4.769642534142364831e-01,4.707189096191058963e-01,1.009470612296365921e+00,1.022119956541305275e+00,1.048441368093132597e+00,1.021858735387626727e+00,1.050555489250329710e+00,9.983834877050001833e-01,9.974437905912293401e-01,1.007027454231511854e+00,1.014454675385253468e+00,1.030267360778259311e+00,1.013519194842406712e+00,1.016236721782380670e+00,1.036552142077280969e+00,1.024207712610093468e+00,1.011263282301399391e+00,7.244972072506560279e-01,7.256076644275472054e-01,7.317711747623022456e-01,7.225382687560569783e-01,7.286744041874944067e-01,7.268176363118881156e-01,7.217490421226757658e-01,7.256729274790398865e-01,7.227159009908389331e-01,7.277137600025163078e-01,7.241159735546510712e-01,7.283430776426723652e-01,7.212854762845291035e-01,7.317479347958557589e-01,7.221496804665914482e-01,8.413610402948308309e-01,8.507968816985638227e-01,8.414984983201099222e-01,8.421430142024571852e-01,8.438887717069116778e-01,8.439170947942694623e-01,8.477967059230649971e-01,8.475017282867334245e-01,8.446166568805045793e-01,8.427299624440797166e-01,8.413389566637217154e-01,8.532937832944759160e-01,8.440493221708077476e-01,8.424920094730868891e-01,8.417575137650985528e-01
2.903189852369286172e-01,3.122218074718676739e-01,2.933458826453850254e-01,3.094721322655725193e-01,2.944296984765633063e-01,2.964153436379433071e-01,3.106527493037845589e-01,0.000000000000000000e+00,2.925201906621148762e-01,3.136121286892457616e-01,3.072389552351719733e-01,2.959835018121786399e-01,3.277198631346595614e-01,3.305969720445122717e-01,3.229578136924387555e-01,4.752248846062251397e-01,4.414774511217985919e-01,4.584033411232950606e-01,4.792907420324327150e-01,4.490564514690775222e-01,4.683937228315511736e-01,4.623478993896263933e-01,4.378883335840314528e-01,4.621076561516807013e-01,4.686705826121370655e-01,5.034842395289051975e-01,4.884944023804162483e-01,4.647379781059429726e-01,4.694608392656410278e-01,4.557283893757333448e-01,1.029411784349683723e+00,1.021504257225587908e+00,1.029249110774451914e+00,1.015160799291914939e+00,1.031797644078043197e+00,1.018942412996436175e+00,1.025015075177433621e+00,1.015607220701487456e+00,1.013792481645528820e+00,1.007076058535302465e+00,1.026577228526426966e+00,1.012334080223025845e+00,1.022246466298612377e+00,1.037205187515951588e+00,1.021597279426193383e+00,7.264710009050602268e-01,7.366865812168700289e-01,7.307671302829650273e-01,7.224290697867853384e-01,7.217756116855154058e-01,7.267105128570798822e-01,7.213361890741376570e-01,7.261053848161436175e-01,7.230385254604348999e-01,7.245731744924041040e-01,7.227183756187467445e-01,7.225411319177614811e-01,7.238282344348001551e-01,7.253789818577596193e-01,7.213940409886957505e-01,8.352506157381747176e-01,8.365121741439272007e-01,8.361598254406868991e-01,8.417038108907431981e-01,8.359356619232127805e-01,8.343003013429876047e-01,8.391258478833790724e-01,8.471290703960051571e-01,8.392437782605243202e-01,8.348051053862811655e-01,8.364596880005634727e-01,8.348039329884593407e-01,8.357891728881153837e-01,8.392684820300354565e-01,8.355901143377654217e-01
3.380564600003969633e-01,3.147694805488612801e-01,3.150661197288594506e-01,2.817665463624097755e-01,2.883292508730254111e-01,3.296179977079528589e-01,2.837001671148609017e-01,2.925201906621148762e-01,0.000000000000000000e+00,2.962588396824641923e-01,3.057323860421071182e-01,3.365248950672149464e-01,3.053462259174002380e-01,2.806641905106527779e-01,3.680278098255619357e-01,4.675294982886106787e-01,4.918835981012174563e-01,4.934984496763896167e-01,4.843723880218607225e-01,4.806395112150061433e-01,4.475622614933031929e-01,4.593746161217443502e-01,4.837641224047107280e-01,4.503967148703462708e-01,4.713836813244599022e-01,4.812348114143448208e-01,4.652318361483874232e-01,4.944345135182210971e-01,4.630783198401756673e-01,4.479093360335325569e-01,1.011123528739688693e+00,1.010068261440284942e+00,1.043824135591336244e+00,1.002575804103111201e+00,1.010471622290304516e+00,1.011221289145457058e+00,1.021582152782633646e+00,1.026429896727487190e+00,1.017894299134738167e+00,1.024165372307128896e+00,1.005147610711978778e+00,1.024107611014096531e+00,1.031782226073409303e+00,1.019905411628451164e+00,1.037467475505136072e+00,7.088672854893219855e-01,7.200421259662520557e-01,7.094753427441999882e-01,7.087884091384395457e-01,7.079350089443239291e-01,7.083935876714300139e-01,7.098565724278390610e-01,7.086206569067824423e-01,7.312861277085734857e-01,7.086333140256673158e-01,7.122834827910866640e-01,7.135884926489496349e-01,7.108860303522640534e-01,7.135978526383049969e-01,7.154769268599792120e-01,8.724964121335971878e-01,8.738494295306256099e-01,8.714055848277539873e-01,8.745073433413809161e-01,8.730739927915617260e-01,8.724612582464621457e-01,8.738872891105580187e-01,8.738911249246097412e-01,8.719015867068943271e-01,8.718216485875995847e-01,8.759775895135674117e-01,8.715263160025634726e-01,8.732883864938317808e-01,8.713000761144233941e-01,8.726049099248754937e-01
2.997290452141734285e-01,2.527367467959497072e-01,3.403303381510381365e-01,2.881332667100416356e-01,2.871152298294188387e-01,3.002402275145686916e-01,3.050402497982848682e-01,3.136121286892457616e-01,2.962588396824641923e-01,0.000000000000000000e+00,2.990762113542299594e-01,3.041457654036958669e-01,3.383269381131216447e-01,2.927107222532171482e-01,3.722509572546455758e-01,4.769708896819594979e-01,4.587357427517503861e-01,4.426039920899946800e-01,4.649707415106890673e-01,4.508978180408504954e-01,4.707689744800521159e-01,4.530429528863681998e-01,4.392260790686272620e-01,4.510222323799570332e-01,4.701011967236415900e-01,4.709253254285651891e-01,4.908116413370815501e-01,4.400455428577819128e-01,4.345361489381522335e-01,4.553631127144577295e-01,1.016067466396793906e+00,1.021819218054250467e+00,1.011969203984983023e+00,1.012537020261975451e+00,1.020709954989173163e+00,1.009569534598286022e+00,1.012912467601223554e+00,1.017361492153108671e+00,1.007084366445036183e+00,1.020701441960870426e+00,1.005899818077824248e+00,1.010323622363646479e+00,1.023232508545833808e+00,1.007525642541667654e+00,1.021696448093072362e+00,7.275580591959655008e-01,7.378244087789451733e-01,7.323653107001996121e-01,7.238142704990002674e-01,7.230585708702994552e-01,7.241723433057907222e-01,7.225775532169540494e-01,7.273809121457615046e-01,7.241782463489220278e-01,7.257606682777731910e-01,7.240302219327587885e-01,7.239460314678158870e-01,7.252590580751129279e-01,7.268082110818506747e-01,7.227210002130836086e-01,8.760680893834679184e-01,8.760766942825268799e-01,8.732711637773229452e-01,8.749884451431344523e-01,8.732802656593127155e-01,8.735054094177092665e-01,8.779484854192756149e-01,8.734662002367348244e-01,8.834843651367011441e-01,8.749669344049522124e-01,8.747487638573717694e-01,8.755702143186461228e-01,8.734899242269483777e-01,8.733941159808669141e-01,8.743222793747166266e-01
3.428443389105323980e-01,3.604688686336172676e-01,3.476506540681320034e-01,3.231754831465406541e-01,3.303593734117438174e-01,2.989930958166091002e-01,3.103380479992745022e-01,3.072389552351719733e-01,3.057323860421071182e-01,2.990762113542299594e-01,0.000000000000000000e+00,3.626859527924951032e-01,3.489762424019721143e-01,3.148492768373464257e-01,3.182184545811257426e-01,4.639543209034699967e-01,4.272063368010826090e-01,4.508724760140055410e-01,5.179753083439402328e-01,4.514067642348750242e-01,4.562910284829190255e-01,4.434809278390673404e-01,4.269676888910916568e-01,4.454212814819246136e-01,4.545108262186942083e-01,4.428213968644695298e-01,4.731794140968096918e-01,4.390039428080344530e-01,4.658630687412343430e-01,4.342806784764894346e-01,1.003796893931735656e+00,1.012760471836258169e+00,1.057872074867750589e+00,1.031302158625686305e+00,1.069448257479528541e+00,1.021600938966385375e+00,1.005340227072407666e+00,1.007626007958309922e+00,1.097138962083655134e+00,1.015855939537688712e+00,1.003672329781488015e+00,1.053342818281398863e+00,1.012496840941244480e+00,1.029887017078086942e+00,1.076417663736990216e+00,7.129599376739200745e-01,7.224074389629442372e-01,7.150843010372973652e-01,7.075999989690503478e-01,7.074036646809231943e-01,7.083613006792508493e-01,7.074038275779966911e-01,7.125574061666891668e-01,7.095719116255941872e-01,7.104896359314469834e-01,7.087189648379673690e-01,7.078387986745287019e-01,7.091434240751303131e-01,7.101258748031930024e-01,7.069218700012046552e-01,8.713517430068067338e-01,8.697577212402313185e-01,8.702816865371808541e-01,8.679797382272237405e-01,8.679720844986893447e-01,8.691180481585916162e-01,8.694054398271268136e-01,8.786589355699969683e-01,8.687397832458232383e-01,8.698088905650481761e-01,8.691905268834906328e-01,8.703291627574017975e-01,8.723530180861415184e-01,8.675308633806637637e-01,8.682457915550181315e-01
3.366359029277775639e-01,3.262774389901944017e-01,3.021666235324477201e-01,3.095128416980465480e-01,3.312176878670581859e-01,3.357179895879873754e-01,3.269341805027427550e-01,2.959835018121786399e-01,3.365248950672149464e-01,3.041457654036958669e-01,3.626859527924951032e-01,0.000000000000000000e+00,3.166078224317902534e-01,3.249845959949486662e-01,3.570073794027232572e-01,4.633436740563099399e-01,4.538347644088099320e-01,4.524909904484287759e-01,4.982680591709647278e-01,4.687533813083378798e-01,4.423663180769982772e-01,4.400836361545382158e-01,4.603842930715599246e-01,4.581679089907978453e-01,4.859159091540428688e-01,4.513569569708658080e-01,4.561549807017347691e-01,4.675302427800794303e-01,4.506600139184748777e-01,4.410619007928479607e-01,1.002257460537461009e+00,1.019372438166247452e+00,1.023023042361216772e+00,1.052762878832645965e+00,1.038612088682776768e+00,1.021372438628045165e+00,1.017227168583792807e+00,1.005966670683477338e+00,1.024545151928893727e+00,1.002987949928612066e+00,1.005410880753236924e+00,1.020979507411387877e+00,1.060738875623025379e+00,1.004837984569154186e+00,1.007582712684670811e+00,6.611456973791783875e-01,6.692486052058681523e-01,6.722294767198178089e-01,6.713759560611326505e-01,6.616861653986728653e-01,6.619200842662201767e-01,6.611698485427175420e-01,6.636403290796905052e-01,6.679062155684734048e-01,6.738012322146643696e-01,6.658450114831528932e-01,6.629006747175627545e-01,6.618367154555571119e-01,6.628134635574325362e-01,6.606544119227540923e-01,9.035962383681109822e-01,9.036434246067417408e-01,9.031143917871090609e-01,9.038538004174127005e-01,9.029902336642406935e-01,9.024930087363557396e-01,9.037140997566652789e-01,9.025424869013092266e-01,9.068881899528739021e-01,9.053964414608663969e-01,9.025139048347122772e-01,9.042476860866163202e-01,9.028302618416155223e-01,9.028391803089851342e-01,9.023853946562965245e-01
3.094045045987534048e-01,3.407648834167042451e-01,3.075895915339139086e-01,3.146378903883002010e-01,2.941956243658290227e-01,3.069347550881131315e-01,3.199086367965078836e-01,3.277198631346595614e-01,3.053462259174002380e-01,3.383269381131216447e-01,3.489762424019721143e-01,3.166078224317902534e-01,0.000000000000000000e+00,3.473959975489067098e-01,3.096340647700119852e-01,4.581407597900452044e-01,5.005335065118018401e-01,4.496584991991143809e-01,4.970218564912412540e-01,4.871984418386414162e-01,4.437873213116842463e-01,4.424265605250208844e-01,4.548070054231794224e-01,4.769333807042656637e-01,4.984085979414881740e-01,4.938712638491938312e-01,4.550306184170467283e-01,4.593622259818497811e-01,4.640456998647869979e-01,5.097405958436114215e-01,1.005056409006977125e+00,1.006398885131536858e+00,1.027932491189474939e+00,1.019434587668085701e+00,1.016390446120977842e+00,1.008085610243494967e+00,1.013723645971622789e+00,1.037414816190225908e+00,1.029299320829951681e+00,1.015069931032340333e+00,1.021892564749837140e+00,1.047311327563108296e+00,1.024111301462882873e+00,1.001802481794190847e+00,1.009893580938605595e+00,7.195023914928985187e-01,7.237817200731171408e-01,7.374958235922425276e-01,7.237724683158375250e-01,7.255627331244349776e-01,7.281515683180254106e-01,7.198325422499319837e-01,7.234388780007610098e-01,7.213358796510818127e-01,7.277767384637956471e-01,7.200866688739626653e-01,7.301222034782944847e-01,7.191337279685886541e-01,7.221714794624611855e-01,7.188270529751923377e-01,8.971502466471265036e-01,8.973164825600832284e-01,8.980824376447854585e-01,9.004094050314002118e-01,8.983426859934909858e-01,8.981756979260795415e-01,8.972729726961579111e-01,8.982956639748407301e-01,8.988809111895748050e-01,8.977795734677861406e-01,8.977083492543667109e-01,8.984471777294422701e-01,8.975121196869711993e-01,8.987763340203167584e-01,8.981562123951489784e-01
3.030630113887209931e-01,2.885913963738350740e-01,3.500487831845727205e-01,3.070037617293964183e-01,2.893228276113034014e-01,3.267440605198509984e-01,3.049035554827132510e-01,3.305969720445122717e-01,2.806641905106527779e-01,2.927107222532171482e-01,3.148492768373464257e-01,3.249845959949486662e-01,3.473959975489067098e-01,0.000000000000000000e+00,3.350486064230084327e-01,4.669722561127159222e-01,4.880978613034480107e-01,4.639222557293409266e-01,4.848985468373771535e-01,4.715232162396672533e-01,4.541150036213293384e-01,4.416176100723339659e-01,4.361224096798970717e-01,4.610599030559912048e-01,5.075174191532739743e-01,4.556335041631596194e-01,4.795836990025827973e-01,4.869871880645322282e-01,4.477681966609508568e-01,4.479481417887565819e-01,1.001338388371783239e+00,1.009568170812154664e+00,1.016525493175158834e+00,1.013065418288967123e+00,1.026629570949522119e+00,1.031214903557934326e+00,1.037788886827181178e+00,1.012866250002931068e+00,1.011708291717528629e+00,1.019270910357496840e+00,1.007087340911899220e+00,1.016652618157254384e+00,1.022637092120171287e+00,9.990424711492500442e-01,1.008871639309481205e+00,7.102406000349459347e-01,7.133125401883805283e-01,7.162754410623052292e-01,7.091719288162778856e-01,7.136999212091871270e-01,7.160616854266118603e-01,7.085020110648946323e-01,7.113416288886795780e-01,7.095992981570655722e-01,7.129170813811378515e-01,7.106265724225347968e-01,7.134259499555647421e-01,7.088995355767979678e-01,7.173495712454284190e-01,7.090034882382455494e-01,8.897279049400440565e-01,8.900556201867386719e-01,8.935989845462001258e-01,8.910105451211001171e-01,8.894305585755416521e-01,8.909563766840663535e-01,8.917722831967810349e-01,8.915544768178779167e-01,8.898976954959485486e-01,8.950565622987187719e-01,8.898605483254103943e-01,8.909037301751518978e-01,8.914495212568123161e-01,8.903462196606442003e-01,8.893634438687033628e-01
3.696195754082837737e-01,2.990717076722571588e-01,3.307654133823546561e-01,3.664920599098976384e-01,3.408648050782009942e-01,3.549159650297517565e-01,3.257970761071989352e-01,3.229578136924387555e-01,3.680278098255619357e-01,3.722509572546455758e-01,3.182184545811257426e-01,3.570073794027232572e-01,3.096340647700119852e-01,3.350486064230084327e-01,0.000000000000000000e+00,4.553834716554828743e-01,4.877119534674129731e-01,4.546749189761846166e-01,4.448970118645437788e-01,4.771554315618758979e-01,4.704823481513413785e-01,4.602848768860432482e-01,4.368329987386483371e-01,4.639703924099036758e-01,4.563113774343128815e-01,4.527261001245675986e-01,4.574301231554389058e-01,4.421740307537294079e-01,4.672888107798002788e-01,4.514214808801194079e-01,1.005505913539050278e+00,1.055771782092133737e+00,1.020799822120870060e+00,1.043568888624033297e+00,1.006956504231439009e+00,9.961154428930414362e-01,9.981451206167367696e-01,1.033838605071894179e+00,1.004888852909116448e+00,1.015152218755886793e+00,1.051014377386912946e+00,1.010180812392514227e+00,1.003969183568400148e+00,1.011056158088659451e+00,1.009424288603162134e+00,7.251990697043122491e-01,7.357950735598873804e-01,7.291862501151540332e-01,7.250971346419732289e-01,7.253279068104301341e-01,7.246715673965690163e-01,7.254693699350786007e-01,7.249839485988637255e-01,7.457499002487362194e-01,7.248762712849690093e-01,7.276073783820503627e-01,7.306917461022807148e-01,7.266788582386307649e-01,7.301763690417542030e-01,7.304405583796671486e-01,9.024542484635994510e-01,9.013773922691871165e-01,9.017227306117995278e-01,9.120294323748548981e-01,9.080338484445389380e-01,9.018556092911990119e-01,9.021706803798270613e-01,9.013522969338902957e-01,9.017810926993313769e-01,9.023260580810021914e-01,9.013920485027588914e-01,9.017123685455356030e-01,9.023689456918383422e-01,9.019683401389430033e-01,9.019736239053778304e-01
4.663541300449690619e-01,4.398139266473948261e-01,4.551574866483028559e-01,4.561843831314263409e-01,4.809414903145704523e-01,4.729574814388710080e-01,4.551394096559865377e-01,4.752248846062251397e-01,4.675294982886106787e-01,4.769708896819594979e-01,4.639543209034699967e-01,4.633436740563099399e-01,4.581407597900452044e-01,4.669722561127159222e-01,4.553834716554828743e-01,0.000000000000000000e+00,3.403663394050592816e-01,3.385596347794579963e-01,2.963808263214744998e-01,2.537675381860335366e-01,2.977325133689635028e-01,3.106677343223785970e-01,3.055500049566354792e-01,3.162194894736881645e-01,3.112448683239611991e-01,3.491839846613815634e-01,2.906495329481882384e-01,3.314623925862480447e-01,3.051711166460548408e-01,2.830352291535454534e-01,1.433467690655295446e+00,1.188179474077043496e+00,1.462990941551443047e+00,1.209676229592860919e+00,1.462339975886921994e+00,1.149435651145813253e+00,1.205910299657482643e+00,1.454725995392268878e+00,1.446276067457967107e+00,1.214671562578543362e+00,1.181453687597613822e+00,1.465564284047997212e+00,1.450585114960710298e+00,1.459943241584236162e+00,1.237774584955596779e+00,4.266175465695240532e-01,4.566425655422411412e-01,4.680788584394727225e-01,4.480791303720806362e-01,4.313401856203523121e-01,4.321492636404694609e-01,4.358295399488199551e-01,4.503259562472499700e-01,4.410342786893099998e-01,4.509835664821946200e-01,4.317260041565714745e-01,4.586217366643234872e-01,4.414820359493690782e-01,4.426263464729591757e-01,4.509071226272656774e-01,9.120538573094244539e-01,9.120280410694618922e-01,9.121461294277358745e-01,9.129776182826171427e-01,9.125196172822807039e-01,9.120558101042939292e-01,9.125122605932481923e-01,9.119912302094795864e-01,9.121355726392870178e-01,9.121497227412832531e-01,9.126129315197105685e-01,9.123670736589521990e-01,9.131055464720384540e-01,9.121693892068512000e-01,9.128229279789153994e-01
4.474259100063383565e-01,4.696802810135847772e-01,4.741345573632024801e-01,4.568736590065135550e-01,4.598680428351159533e-01,4.480919112034940643e-01,5.049003607168447427e-01,4.414774511217985919e-01,4.918835981012174563e-01,4.587357427517503861e-01,4.272063368010826090e-01,4.538347644088099320e-01,5.005335065118018401e-01,4.880978613034480107e-01,4.877119534674129731e-01,3.403663394050592816e-01,0.000000000000000000e+00,3.245282888747913486e-01,2.610950697006743093e-01,2.556160452964563734e-01,2.590895088786884792e-01,2.772547708372211095e-01,2.771068856831241378e-01,2.655839094711877069e-01,3.060797894177267886e-01,2.872423226632871973e-01,2.547560544089188528e-01,2.807230070478727857e-01,2.929214837819171802e-01,3.010735829676858266e-01,1.431003230732818210e+00,1.439966808637340723e+00,1.464715682672415920e+00,1.448104754273568773e+00,1.455830745825341888e+00,1.395786988380912641e+00,1.180262230621653030e+00,1.434832344759392475e+00,1.455269932767327301e+00,1.443062276338771266e+00,1.186653953250482951e+00,1.453811531344824548e+00,1.439703177742327034e+00,1.446683617848907755e+00,1.461417477093480688e+00,4.380938140729676578e-01,4.359074800470852384e-01,4.292312476346520911e-01,4.258873088235900495e-01,4.376305131843528096e-01,4.451155991885702989e-01,4.358311966564578643e-01,4.200280351345610508e-01,4.307761579126681006e-01,4.379270944506631347e-01,4.348378371979605417e-01,4.334361036600434813e-01,4.354484548634890428e-01,4.464808976787248973e-01,4.427435737410538863e-01,9.140209348570742520e-01,9.140332432559552522e-01,9.140198255070839384e-01,9.144102393089220682e-01,9.143794204273192339e-01,9.140854713395241138e-01,9.141184625315255108e-01,9.140442384759065453e-01,9.140541821062907468e-01,9.140760701281922529e-01,9.141896646648332014e-01,9.141381544449395102e-01,9.143274345692575800e-01,9.141778055641035516e-01,9.141233627322956634e-01
4.676611250072000847e-01,4.630809940064481989e-01,4.905174085554966368e-01,4.411991617546434097e-01,4.529891117466290917e-01,4.621236476550404926e-01,4.665513006015523101e-01,4.584033411232950606e-01,4.934984496763896167e-01,4.426039920899946800e-01,4.508724760140055410e-01,4.524909904484287759e-01,4.496584991991143809e-01,4.639222557293409266e-01,4.546749189761846166e-01,3.385596347794579963e-01,3.245282888747913486e-01,0.000000000000000000e+00,3.209521548767043098e-01,2.968475430536691717e-01,2.793361358184794918e-01,2.853315295669231477e-01,3.312055492530281420e-01,2.818511196820052134e-01,3.291775971326116879e-01,2.894565097005074583e-01,2.767946158219122821e-01,3.409398462559047882e-01,2.722851712102589139e-01,2.884386671824704651e-01,1.191125201307570380e+00,1.190622379128243979e+00,1.454573196074977703e+00,1.455141012351970131e+00,1.461631423207623737e+00,1.169367523843124479e+00,1.180685552374127978e+00,1.458457661131906224e+00,1.228553013571249908e+00,1.455478940377040953e+00,1.444219752294459092e+00,1.452927614453641159e+00,1.451338166926208872e+00,1.450129634631662334e+00,1.459552080137719976e+00,4.245024752837137649e-01,4.279865650052580017e-01,4.283850114371416384e-01,4.386834972551396095e-01,4.205168313230755461e-01,4.336806274080040047e-01,4.422859623659787243e-01,4.461306568596244970e-01,4.300070373865990114e-01,4.431196082537987024e-01,4.275071158589058840e-01,4.357534874788726031e-01,4.392593885325617453e-01,4.442215730950039854e-01,4.362570824617063026e-01,9.063641054173537936e-01,9.063349791622301588e-01,9.064216758970408128e-01,9.091919850752094856e-01,9.079774156805883178e-01,9.062994346997023110e-01,9.065711273435747009e-01,9.066098485285718489e-01,9.060425466902755076e-01,9.060956591122153458e-01,9.072303693312961936e-01,9.060245310691096288e-01,9.066694596168992648e-01,9.075191673573621554e-01,9.068170941694913001e-01
5.051356483985267598e-01,5.005077913289662783e-01,4.384425204767438689e-01,4.898884454944819611e-01,4.627716349583236854e-01,4.509417572103962546e-01,5.089003396638677179e-01,4.792907420324327150e-01,4.843723880218607225e-01,4.649707415106890673e-01,5.179753083439402328e-01,4.982680591709647278e-01,4.970218564912412540e-01,4.848985468373771535e-01,4.448970118645437788e-01,2.963808263214744998e-01,2.610950697006743093e-01,3.209521548767043098e-01,0.000000000000000000e+00,3.277277493728598112e-01,3.359912819166592790e-01,2.867167062136422029e-01,3.108284743874022982e-01,2.918639535485668679e-01,3.252133397048773134e-01,3.345626186306533412e-01,2.841320078519842252e-01,3.088883029656512846e-01,2.941844853862962128e-01,3.382407120749955642e-01,1.184685673494872749e+00,1.203402035021546634e+00,1.446275975379884171e+00,1.458980319278831983e+00,1.258233319870762257e+00,1.149758758134505232e+00,1.178189999374888552e+00,1.231535578406486531e+00,1.447587449479043054e+00,1.446979737375059472e+00,1.183941029262859823e+00,1.455077824257057895e+00,1.448866195432943815e+00,1.449533463855809945e+00,1.444741995914349264e+00,4.408136838858340290e-01,4.284306394995577305e-01,4.481896865268096830e-01,4.396709009043014427e-01,4.245185145679749583e-01,4.395406868322885297e-01,4.334971477922316963e-01,4.224529403602252375e-01,4.406510416758366855e-01,4.187726527651965958e-01,4.345158502989275862e-01,4.348406791745684785e-01,4.290792177733616652e-01,4.414663100713349109e-01,4.425004318834051542e-01,9.125214661118937753e-01,9.122114899588801284e-01,9.128532966528630777e-01,9.122062805999529012e-01,9.130021064997604352e-01,9.132520873696375885e-01,9.125236690645344151e-01,9.121774657318606483e-01,9.122251785228251419e-01,9.126886509149766402e-01,9.129818741864483833e-01,9.128597745354978255e-01,9.122237596850895081e-01,9.123181682532690573e-01,9.126572150583153187e-01
4.485608847625927043e-01,4.739203880030905536e-01,4.432442167586622683e-01,4.414027710878127286e-01,4.523951579670144607e-01,4.765757434763125411e-01,4.876902367251163550e-01,4.490564514690775222e-01,4.806395112150061433e-01,4.508978180408504954e-01,4.514067642348750242e-01,4.687533813083378798e-01,4.871984418386414162e-01,4.715232162396672533e-01,4.771554315618758979e-01,2.537675381860335366e-01,2.556160452964563734e-01,2.968475430536691717e-01,3.277277493728598112e-01,0.000000000000000000e+00,2.756377450822002362e-01,2.793624813571071730e-01,2.829393481401976662e-01,3.066628995232387189e-01,3.109882137863105855e-01,2.721855519034763193e-01,2.554181527828435772e-01,3.152307618824660151e-01,2.626425025657500578e-01,2.977607692443717813e-01,1.179700152469261853e+00,1.186648688225373727e+00,1.451077671661802571e+00,1.449239729029823120e+00,1.463856971887168346e+00,1.181484538072335333e+00,1.166219171807340915e+00,1.454238919679009090e+00,1.457938516966431619e+00,1.451781433656977871e+00,1.434577083649950069e+00,1.461221440404496974e+00,1.216171515075484599e+00,1.458423460582518150e+00,1.449543692196267664e+00,4.378056388353170347e-01,4.269658648744650842e-01,4.213349034461777998e-01,4.357834441680867310e-01,4.188575626833064280e-01,4.521620923042974360e-01,4.300667861495466870e-01,4.507898837828994143e-01,4.344588318828379037e-01,4.280209703717798297e-01,4.377452416200546814e-01,4.192664339414735597e-01,4.159116820588235619e-01,4.421833728047674938e-01,4.357702193369803467e-01,9.124527250888124774e-01,9.124411350202268345e-01,9.125104925489898600e-01,9.124443051397712612e-01,9.125355144677932406e-01,9.123152230572502130e-01,9.128598294606899977e-01,9.136013924250553364e-01,9.129915587156324230e-01,9.122690232075184591e-01,9.127025201175901215e-01,9.131190183130565297e-01,9.133616715967448618e-01,9.128886796176191032e-01,9.122638941013723191e-01
4.505531273767833800e-01,4.366638510364694858e-01,4.429278870933733292e-01,4.367788572653214518e-01,4.709327509241632570e-01,4.649020448911791448e-01,4.386765394969281973e-01,4.683937228315511736e-01,4.475622614933031929e-01,4.707689744800521159e-01,4.562910284829190255e-01,4.423663180769982772e-01,4.437873213116842463e-01,4.541150036213293384e-01,4.704823481513413785e-01,2.977325133689635028e-01,2.590895088786884792e-01,2.793361358184794918e-01,3.359912819166592790e-01,2.756377450822002362e-01,0.000000000000000000e+00,2.956950197162610539e-01,2.604604687107047734e-01,3.023077512039676895e-01,3.446592313822451348e-01,2.639626223028555541e-01,2.740095358395396863e-01,2.934946910695319655e-01,2.746224345715405080e-01,2.649130066757764412e-01,1.203367494622070710e+00,1.214377835163339858e+00,1.450761341996513520e+00,1.450138065596414449e+00,1.458033883783607765e+00,1.403759438157454520e+00,1.189131730888550731e+00,1.445703993728439940e+00,1.443125991847041822e+00,1.445354268005610399e+00,1.181014500717497695e+00,1.454913261279308756e+00,1.446917862436887026e+00,1.445589803105875149e+00,1.449227362530978613e+00,4.487658531862690481e-01,4.471286282827347525e-01,4.207936944620249142e-01,4.227487751052627640e-01,4.311444566383754173e-01,4.251727480836465234e-01,4.354816546319718595e-01,4.234153708145229622e-01,4.277149534842100698e-01,4.280478163873751019e-01,4.340864052662788408e-01,4.284131931897056100e-01,4.287121692767771330e-01,4.319206147928112971e-01,4.386412041543749085e-01,9.129198012695309838e-01,9.131755380878311401e-01,9.141396874887338653e-01,9.130886186422433326e-01,9.130014763761338248e-01,9.130094840739606532e-01,9.129448959592249002e-01,9.128637815955893409e-01,9.131317421084430563e-01,9.130006955386178458e-01,9.144775552838899646e-01,9.134708480898555694e-01,9.133086739208163829e-01,9.128962564180007622e-01,9.128704723464331483e-01
