0.000000000000000000e+00,3.151467117851620148e-01,3.294139882290975097e-01,3.187892800346334710e-01,3.274746975828819462e-01,3.399358985603020966e-01,3.152750189184039820e-01,2.903189852369286172e-01,3.380564600003969633e-01,2.997290452141734285e-01,3.428443389105323980e-01,3.366359029277775639e-01,3.094045045987534048e-01,3.030630113887209931e-01,3.696195754082837737e-01,4.663541300449690619e-01,4.474259100063383565e-01,4.676611250072000847e-01,5.051356483985267598e-01,4.485608847625927043e-01,4.505531273767833800e-01,4.462696620755213228e-01,4.619775475626494154e-01,4.537386653460337427e-01,5.076129094900956318e-01,4.759123383681074793e-01,4.720037885621258811e-01,4.575088808034222798e-01,4.479833579565205004e-01,4.456593069565584209e-01,1.010845630264582073e+00,1.027986930179075831e+00,1.017289772666077674e+00,1.000678844267230527e+00,1.020505791637656534e+00,1.027988263981646888e+00,1.014062002738491231e+00,1.023910724294847974e+00,1.037580027639796176e+00,1.015614362295551798e+00,1.018272098601351150e+00,1.029878069081966663e+00,1.023119308683498652e+00,1.038330023330251262e+00,1.019396487065754142e+00,6.835434380300933199e-01,6.977268985211907415e-01,6.853244029319254249e-01,6.842872741217682631e-01,6.820589734172551877e-01,6.835234842446893389e-01,6.828673818985644406e-01,6.818403960818102405e-01,6.970453230723235860e-01,6.819823582681593388e-01,6.848977732793414264e-01,6.899397586637545654e-01,6.885491693568440708e-01,6.853675012954728585e-01,6.872111810244359020e-01,8.977815663617738640e-01,8.994337539702410567e-01,8.998528648806981556e-01,8.980190354029251587e-01,8.986986977591543413e-01,8.983851519031245125e-01,8.975654876937949611e-01,8.995710686994107252e-01,8.977172281297713941e-01,8.989004647623672906e-01,8.976406419642550816e-01,8.979764460134798121e-01,8.984628053097134526e-01,8.982400494272119174e-01,8.988064123703167763e-01
3.151467117851620148e-01,0.000000000000000000e+00,2.969804383389585967e-01,2.826701108288600106e-01,3.136288202461630092e-01,2.662375938611976078e-01,3.030231856508673327e-01,3.122218074718676739e-01,3.147694805488612801e-01,2.527367467959497072e-01,3.604688686336172676e-01,3.262774389901944017e-01,3.407648834167042451e-01,2.885913963738350740e-01,2.990717076722571588e-01,4.398139266473948261e-01,6.957533599151579651e-01,4.630809940064481989e-01,7.171793510715938069e-01,6.935814648334284183e-01,4.366638510364694858e-01,4.425907281688129524e-01,6.919628258645769137e-01,7.037589791759066848e-01,7.223505558980157781e-01,7.006264733393250399e-01,7.086103688579599158e-01,6.927822896537316755e-01,4.483732695388966127e-01,7.015768577122458716e-01,1.325992342049744144e+00,1.343133641964237901e+00,1.332436484451239744e+00,1.315825556052392598e+00,1.335652503422818604e+00,1.343134975766808958e+00,1.329208714523653301e+00,1.339057436080010044e+00,1.352726739424958247e+00,1.330761074080713868e+00,1.333418810386513220e+00,1.345024780867128733e+00,1.338266020468660722e+00,1.353476735115413332e+00,1.334543198850916212e+00,9.986901498152553902e-01,1.012873610306352701e+00,8.574575454984944001e-01,9.994339859069303333e-01,9.972056852024171469e-01,9.986701960298514091e-01,9.980140936837265109e-01,9.969871078669723108e-01,1.012192034857485545e+00,9.062006022602469013e-01,8.715399308039663007e-01,1.005086470448916636e+00,1.003695881142006030e+00,1.000514213080634818e+00,1.002357892809597972e+00,1.212928278146935934e+00,1.214580465755403127e+00,1.214999576665860115e+00,1.213165747188087229e+00,1.213845409544316301e+00,1.213531863688286583e+00,1.212712199478956920e+00,1.214717780484572796e+00,1.212863939914933464e+00,1.214047176547529361e+00,1.212787353749417152e+00,1.213123157798641882e+00,1.213609517094875523e+00,1.213386761212373877e+00,1.213953124155478847e+00
3.294139882290975097e-01,2.969804383389585967e-01,0.000000000000000000e+00,3.125770629620797658e-01,3.406159806115972577e-01,3.361187783105847871e-01,3.024440579429524822e-01,2.933458826453850254e-01,3.150661197288594506e-01,3.403303381510381365e-01,3.476506540681320034e-01,3.021666235324477201e-01,3.075895915339139086e-01,3.500487831845727205e-01,3.307654133823546561e-01,4.551574866483028559e-01,7.025617581855132521e-01,7.188289683963307031e-01,7.288418022628924131e-01,7.089250248343363925e-01,7.278641673246045718e-01,4.473488709374374150e-01,7.172967279822050068e-01,4.369778487143254897e-01,4.384293735095767808e-01,4.730891815810206458e-01,7.134788320721273669e-01,4.572867504979780118e-01,4.532417327530640638e-01,7.173757241286535802e-01,1.340259618493679472e+00,1.357400918408173229e+00,1.346703760895175073e+00,1.330092832496327926e+00,1.349919779866754155e+00,1.357402252210744287e+00,1.343475990967588629e+00,1.353324712523945372e+00,1.366994015868893797e+00,1.345028350524649419e+00,1.347686086830448549e+00,1.359292057311064283e+00,1.352533296912596050e+00,1.367744011559348660e+00,1.348810475294851763e+00,9.130411660202319979e-01,1.027140886750288251e+00,1.014738391161023046e+00,1.013701262350865662e+00,8.596255433971957682e-01,1.012937472473786737e+00,1.012281370127662061e+00,8.689069134800146976e-01,1.026459311301421096e+00,1.011396346497256848e+00,8.868834908048743859e-01,1.019353746892852186e+00,1.017963157585941580e+00,8.737196532361735102e-01,8.939562713040448694e-01,1.227195554590871485e+00,1.228847742199338455e+00,1.229266853109795665e+00,1.227433023632022557e+00,1.228112685988251851e+00,1.227799140132221911e+00,1.226979475922892471e+00,1.228985056928508346e+00,1.227131216358869015e+00,1.228314452991464911e+00,1.227054630193352480e+00,1.227390434242577211e+00,1.227876793538810851e+00,1.227654037656309427e+00,1.228220400599414397e+00
3.187892800346334710e-01,2.826701108288600106e-01,3.125770629620797658e-01,0.000000000000000000e+00,3.282520571542545951e-01,3.104900432381045294e-01,3.062912997017707695e-01,3.094721322655725193e-01,2.817665463624097755e-01,2.881332667100416356e-01,3.231754831465406541e-01,3.095128416980465480e-01,3.146378903883002010e-01,3.070037617293964183e-01,3.664920599098976384e-01,6.951703092738462653e-01,6.958683661440099311e-01,7.161149930838008881e-01,7.286064592629746262e-01,4.414027710878127286e-01,4.367788572653214518e-01,4.418897530493324788e-01,6.972393259760262252e-01,4.596809095470466011e-01,7.510064364716565466e-01,4.738525609068711120e-01,6.968209238706563058e-01,4.415303430898039894e-01,7.040452736535627309e-01,7.016918639410978376e-01,1.329634910299215544e+00,1.346776210213709302e+00,1.336079052700711145e+00,1.319468124301863998e+00,1.339295071672290005e+00,1.346777544016280359e+00,1.332851282773124701e+00,1.342700004329481445e+00,1.356369307674429647e+00,1.334403642330185269e+00,1.337061378635984621e+00,1.348667349116600134e+00,1.341908588718132123e+00,1.357119303364884733e+00,1.338185767100387613e+00,9.138045453460823531e-01,1.016516178555824101e+00,8.575725517273463661e-01,1.003076554156401734e+00,1.000848253451888770e+00,1.002312764279322810e+00,1.001656661933197912e+00,1.000629676116443711e+00,1.015834603106957168e+00,1.000771638302792699e+00,1.003687053313974786e+00,1.008729038698388036e+00,1.007338449391477653e+00,8.964227140688945106e-01,8.781998638958707915e-01,1.216570846396407335e+00,1.218223034004874528e+00,1.218642144915331738e+00,1.216808315437558630e+00,1.217487977793787923e+00,1.217174431937757983e+00,1.216354767728428321e+00,1.218360348734044196e+00,1.216506508164404865e+00,1.217689744797000762e+00,1.216429921998888553e+00,1.216765726048113283e+00,1.217252085344346924e+00,1.217029329461845499e+00,1.217595692404950247e+00
3.274746975828819462e-01,3.136288202461630092e-01,3.406159806115972577e-01,3.282520571542545951e-01,0.000000000000000000e+00,3.015920440926782575e-01,3.354629909841024271e-01,2.944296984765633063e-01,2.883292508730254111e-01,2.871152298294188387e-01,3.303593734117438174e-01,3.312176878670581859e-01,2.941956243658290227e-01,2.893228276113034014e-01,3.408648050782009942e-01,4.809414903145704523e-01,7.302901111662069011e-01,7.383668698959089394e-01,7.397520465426279390e-01,7.323978216860929091e-01,7.487303600452468455e-01,4.530353403289857916e-01,7.263413088980461563e-01,7.364990693261892485e-01,4.900038033668718263e-01,4.962669877807710517e-01,7.205931591383041290e-01,7.271607726872006960e-01,7.370910242722542582e-01,7.632973507927227619e-01,1.338320327847464020e+00,1.355461627761957777e+00,1.344764470248959620e+00,1.328153541850112473e+00,1.347980489220538480e+00,1.355462961564528834e+00,1.341536700321373177e+00,1.351385421877729920e+00,1.365054725222678123e+00,1.343089059878433744e+00,1.345746796184233096e+00,1.357352766664848609e+00,1.350594006266380598e+00,1.365804720913133208e+00,1.346871184648636088e+00,9.362189722199822928e-01,1.025201596104072799e+00,1.012799100514807371e+00,1.011761971704650209e+00,9.111999732544908692e-01,1.010998181827571285e+00,1.010342079481446387e+00,9.204813433373097986e-01,1.024520020655205421e+00,1.009457055851041396e+00,9.126674944711419268e-01,1.017414456246636512e+00,1.016023866939725906e+00,1.012842198878354694e+00,1.014685878607317848e+00,1.225256263944655810e+00,1.226908451553123003e+00,1.227327562463579991e+00,1.225493732985807105e+00,1.226173395342036176e+00,1.225859849486006459e+00,1.225040185276677018e+00,1.227045766282292671e+00,1.225191925712653340e+00,1.226375162345249237e+00,1.225115339547137028e+00,1.225451143596361758e+00,1.225937502892595399e+00,1.225714747010093753e+00,1.226281109953198722e+00
3.399358985603020966e-01,2.662375938611976078e-01,3.361187783105847871e-01,3.104900432381045294e-01,3.015920440926782575e-01,0.000000000000000000e+00,3.124884465080269291e-01,2.964153436379433071e-01,3.296179977079528589e-01,3.002402275145686916e-01,2.989930958166091002e-01,3.357179895879873754e-01,3.069347550881131315e-01,3.267440605198509984e-01,3.549159650297517565e-01,7.060515205085924340e-01,7.120368269110706194e-01,7.293185878676458067e-01,4.509417572103962546e-01,7.511380455554191871e-01,7.029014448976671492e-01,7.088283220300105603e-01,7.259607847077007570e-01,7.428057107589631780e-01,4.561129620368181703e-01,7.418144926810785744e-01,7.350737650623804242e-01,7.379970386246434977e-01,7.146108634000942761e-01,4.930289705220170515e-01,1.350781528824884115e+00,1.367922828739377872e+00,1.357225671226379715e+00,1.340614742827532568e+00,1.360441690197958575e+00,1.367924162541948929e+00,1.353997901298793272e+00,1.363846622855150015e+00,1.377515926200098217e+00,1.355550260855853839e+00,1.358207997161653191e+00,1.369813967642268704e+00,1.363055207243800693e+00,1.378265921890553303e+00,1.359332385626056183e+00,1.023479336590395361e+00,1.037662797081492894e+00,1.025260301492227466e+00,1.024223172682070304e+00,8.754602717783712684e-01,1.023459382804991380e+00,1.022803280458866482e+00,8.733946975706214921e-01,1.036981221632625738e+00,1.021918256828461491e+00,1.024833671839643578e+00,1.029875657224056607e+00,1.028485067917146223e+00,1.025303399855775011e+00,1.027147079584737943e+00,1.237717464922075905e+00,1.239369652530543098e+00,1.239788763441000308e+00,1.237954933963227200e+00,1.238634596319456493e+00,1.238321050463426554e+00,1.237501386254097113e+00,1.239506967259712766e+00,1.237653126690073435e+00,1.238836363322669332e+00,1.237576540524557123e+00,1.237912344573781853e+00,1.238398703870015494e+00,1.238175947987514069e+00,1.238742310930618817e+00
3.152750189184039820e-01,3.030231856508673327e-01,3.024440579429524822e-01,3.062912997017707695e-01,3.354629909841024271e-01,3.124884465080269291e-01,0.000000000000000000e+00,3.106527493037845589e-01,2.837001671148609017e-01,3.050402497982848682e-01,3.103380479992745022e-01,3.269341805027427550e-01,3.199086367965078836e-01,3.049035554827132510e-01,3.257970761071989352e-01,4.551394096559865377e-01,7.212456327644838350e-01,7.307463174040582654e-01,7.321314940507772651e-01,7.089069478420200188e-01,7.045992157920644150e-01,4.454147878371350622e-01,4.441387470813596972e-01,4.581344928708162567e-01,7.408734314525292630e-01,4.689645191792231604e-01,7.129726066464534551e-01,4.679586511765756462e-01,7.156366568007532791e-01,4.707189096191058963e-01,1.326120649182986000e+00,1.343261949097479757e+00,1.332564791584481600e+00,1.315953863185634454e+00,1.335780810556060461e+00,1.343263282900050815e+00,1.329337021656895157e+00,1.339185743213251900e+00,1.352855046558200103e+00,1.330889381213955724e+00,1.333547117519755076e+00,1.345153088000370589e+00,1.338394327601902578e+00,1.353605042248655188e+00,1.334671505984158069e+00,9.089165036184344570e-01,1.013001917439594779e+00,1.000599421850329351e+00,8.823582868134440815e-01,9.973339923356592251e-01,9.987985031630932653e-01,9.981424008169683670e-01,9.971154150002141670e-01,1.012320341990727623e+00,9.972573771865633763e-01,8.868654138125580122e-01,1.005214777582158492e+00,1.003824188275248108e+00,8.948762973926642772e-01,9.046281719826425594e-01,1.213056585280177790e+00,1.214708772888644983e+00,1.215127883799102193e+00,1.213294054321329085e+00,1.213973716677558379e+00,1.213660170821528439e+00,1.212840506612198999e+00,1.214846087617814652e+00,1.212992247048175321e+00,1.214175483680771217e+00,1.212915660882659008e+00,1.213251464931883739e+00,1.213737824228117379e+00,1.213515068345615955e+00,1.214081431288720703e+00
2.903189852369286172e-01,3.122218074718676739e-01,2.933458826453850254e-01,3.094721322655725193e-01,2.944296984765633063e-01,2.964153436379433071e-01,3.106527493037845589e-01,0.000000000000000000e+00,2.925201906621148762e-01,3.136121286892457616e-01,3.072389552351719733e-01,2.959835018121786399e-01,3.277198631346595614e-01,3.305969720445122717e-01,3.229578136924387555e-01,4.752248846062251397e-01,7.274832317102396528e-01,7.439587758336858592e-01,7.473571008483395062e-01,7.289924227922586208e-01,4.683937228315511736e-01,4.623478993896263933e-01,7.288541915422559470e-01,4.621076561516807013e-01,7.317752561549617507e-01,7.323563451344067277e-01,7.299057181989447862e-01,4.647379781059429726e-01,7.383023431934491176e-01,7.333067295073276703e-01,1.301164615501510635e+00,1.318305915416004392e+00,1.307608757903006236e+00,1.290997829504159089e+00,1.310824776874585096e+00,1.318307249218575450e+00,1.304380987975419792e+00,1.314229709531776535e+00,1.327899012876724738e+00,1.305933347532480360e+00,1.308591083838279712e+00,1.320197054318895225e+00,1.313438293920427213e+00,1.328649008567179823e+00,1.309715472302682704e+00,9.738624232670218817e-01,9.880458837581194143e-01,8.891874172935760878e-01,9.746062593586968248e-01,9.723779586541838604e-01,9.738424694816179006e-01,9.731863671354930023e-01,9.721593813187388022e-01,9.873643083092522588e-01,9.723013435050880116e-01,9.069508887627966143e-01,9.802587439006831271e-01,9.788681545937727435e-01,8.988494606735286663e-01,9.014074989120097747e-01,1.188100551598702426e+00,1.189752739207169618e+00,1.190171850117626828e+00,1.188338020639853720e+00,1.189017682996083014e+00,1.188704137140053074e+00,1.187884472930723634e+00,1.189890053936339287e+00,1.188036213366699956e+00,1.189219449999295852e+00,1.187959627201183643e+00,1.188295431250408374e+00,1.188781790546642014e+00,1.188559034664140590e+00,1.189125397607245338e+00
3.380564600003969633e-01,3.147694805488612801e-01,3.150661197288594506e-01,2.817665463624097755e-01,2.883292508730254111e-01,3.296179977079528589e-01,2.837001671148609017e-01,2.925201906621148762e-01,0.000000000000000000e+00,2.962588396824641923e-01,3.057323860421071182e-01,3.365248950672149464e-01,3.053462259174002380e-01,2.806641905106527779e-01,3.680278098255619357e-01,7.388395767708474393e-01,4.918835981012174563e-01,4.934984496763896167e-01,7.529786678018917101e-01,7.231693174502225041e-01,7.185454036277312273e-01,7.236562994117422543e-01,7.278389141962205988e-01,7.414474559094563766e-01,7.534954932384362314e-01,7.485537829065767035e-01,7.466396525101363091e-01,7.232968894522138203e-01,7.284323871716036347e-01,7.544190767339667980e-01,1.348902090264979092e+00,1.366043390179472850e+00,1.355346232666474693e+00,1.338735304267627546e+00,1.358562251638053553e+00,1.366044723982043907e+00,1.352118462738888249e+00,1.361967184295244992e+00,1.375636487640193195e+00,1.353670822295948817e+00,1.356328558601748169e+00,1.367934529082363682e+00,1.361175768683895670e+00,1.376386483330648280e+00,1.357452947066151161e+00,1.021599898030490339e+00,1.035783358521587649e+00,1.023380862932322444e+00,1.022343734122165282e+00,1.020115433417652095e+00,1.021579944245086358e+00,1.020923841898961459e+00,1.019896856082207259e+00,1.035101783072720494e+00,9.366180579301883746e-01,1.022954233279738334e+00,1.027996218664151584e+00,1.026605629357240979e+00,1.023423961295869766e+00,1.025267641024832921e+00,1.235838026362170883e+00,1.237490213970638075e+00,1.237909324881095063e+00,1.236075495403322178e+00,1.236755157759551249e+00,1.236441611903521531e+00,1.235621947694191869e+00,1.237627528699807744e+00,1.235773688130168413e+00,1.236956924762764309e+00,1.235697101964652100e+00,1.236032906013876831e+00,1.236519265310110471e+00,1.236296509427608825e+00,1.236862872370713795e+00
2.997290452141734285e-01,2.527367467959497072e-01,3.403303381510381365e-01,2.881332667100416356e-01,2.871152298294188387e-01,3.002402275145686916e-01,3.050402497982848682e-01,3.136121286892457616e-01,2.962588396824641923e-01,0.000000000000000000e+00,2.990762113542299594e-01,3.041457654036958669e-01,3.383269381131216447e-01,2.927107222532171482e-01,3.722509572546455758e-01,6.925506734433445333e-01,7.065138633373069244e-01,7.158177408023979060e-01,7.428861859285238456e-01,4.508978180408504954e-01,6.894005978324191375e-01,6.953274749647626596e-01,4.392260790686272620e-01,4.510222323799570332e-01,7.506900062576629118e-01,7.230833699443268703e-01,7.063159708236941281e-01,4.400455428577819128e-01,7.011100163348462644e-01,7.402610074894360181e-01,1.310574675478755502e+00,1.327715975393249259e+00,1.317018817880251103e+00,1.300407889481403956e+00,1.320234836851829963e+00,1.327717309195820317e+00,1.313791047952664659e+00,1.323639769509021402e+00,1.337309072853969605e+00,1.315343407509725226e+00,1.318001143815524578e+00,1.329607114296140091e+00,1.322848353897672080e+00,1.338059068544424690e+00,1.319125532279927571e+00,9.832724832442667484e-01,9.974559437353641700e-01,9.850534481460988534e-01,8.774456188007117019e-01,9.817880186314286162e-01,9.832525294588627673e-01,9.825964271127378691e-01,9.815694412959836690e-01,9.967743682864970145e-01,9.817114034823327673e-01,9.846268184935148549e-01,9.896688038779279939e-01,9.882782145710174992e-01,8.877640369018049427e-01,8.767150636638487704e-01,1.197510611575947292e+00,1.199162799184414485e+00,1.199581910094871695e+00,1.197748080617098587e+00,1.198427742973327881e+00,1.198114197117297941e+00,1.197294532907968279e+00,1.199300113913584154e+00,1.197446273343944823e+00,1.198629509976540719e+00,1.197369687178428510e+00,1.197705491227653241e+00,1.198191850523886881e+00,1.197969094641385457e+00,1.198535457584490205e+00
3.428443389105323980e-01,3.604688686336172676e-01,3.476506540681320034e-01,3.231754831465406541e-01,3.303593734117438174e-01,2.989930958166091002e-01,3.103380479992745022e-01,3.072389552351719733e-01,3.057323860421071182e-01,2.990762113542299594e-01,0.000000000000000000e+00,3.626859527924951032e-01,3.489762424019721143e-01,3.148492768373464257e-01,3.182184545811257426e-01,4.639543209034699967e-01,7.040745745742158501e-01,7.272724011639297714e-01,5.179753083439402328e-01,7.099070370312893230e-01,6.874281576017964301e-01,4.434809278390673404e-01,4.269676888910916568e-01,4.454212814819246136e-01,4.545108262186942083e-01,4.428213968644695298e-01,7.068383481119225875e-01,4.390039428080344530e-01,4.658630687412343430e-01,7.299970601168239703e-01,1.353689969175114527e+00,1.370831269089608284e+00,1.360134111576610128e+00,1.343523183177762981e+00,1.363350130548188988e+00,1.370832602892179342e+00,1.356906341649023684e+00,1.366755063205380427e+00,1.380424366550328630e+00,1.358458701206084251e+00,1.361116437511883603e+00,1.372722407992499116e+00,1.365963647594031105e+00,1.381174362240783715e+00,1.362240825976286596e+00,8.827733813036808819e-01,1.040571237431723084e+00,1.028168741842457878e+00,8.651872286231760967e-01,8.757069961063131958e-01,1.026367823155221792e+00,1.025711720809096894e+00,8.849883661891322362e-01,1.039889661982855928e+00,1.024826697178691681e+00,8.956803250600414712e-01,1.032784097574287019e+00,1.031393508267376413e+00,8.821630860037725785e-01,8.756734636141012551e-01,1.240625905272306317e+00,1.242278092880773510e+00,1.242697203791230498e+00,1.240863374313457612e+00,1.241543036669686684e+00,1.241229490813656966e+00,1.240409826604327304e+00,1.242415407609943179e+00,1.240561567040303848e+00,1.241744803672899744e+00,1.240484980874787535e+00,1.240820784924012266e+00,1.241307144220245906e+00,1.241084388337744260e+00,1.241650751280849230e+00
3.366359029277775639e-01,3.262774389901944017e-01,3.021666235324477201e-01,3.095128416980465480e-01,3.312176878670581859e-01,3.357179895879873754e-01,3.269341805027427550e-01,2.959835018121786399e-01,3.365248950672149464e-01,3.041457654036958669e-01,3.626859527924951032e-01,0.000000000000000000e+00,3.166078224317902534e-01,3.249845959949486662e-01,3.570073794027232572e-01,4.633436740563099399e-01,7.173384069917593253e-01,4.524909904484287759e-01,4.982680591709647278e-01,7.171112122423435320e-01,7.059749074686243464e-01,4.400836361545382158e-01,4.603842930715599246e-01,7.235473651517416727e-01,4.859159091540428688e-01,4.513569569708658080e-01,7.015894434039892102e-01,4.675302427800794303e-01,7.051958921684375881e-01,4.410619007928479607e-01,1.347481533192359748e+00,1.364622833106853506e+00,1.353925675593855349e+00,1.337314747195008202e+00,1.357141694565433987e+00,1.364624166909424563e+00,1.350697905666268905e+00,1.360546627222625649e+00,1.374215930567573629e+00,1.352250265223329251e+00,1.354908001529128825e+00,1.366513972009744116e+00,1.359755211611276327e+00,1.374965926258028937e+00,1.356032389993531595e+00,8.913089414100771046e-01,1.034362801448968305e+00,1.021960305859702878e+00,8.986038328036443090e-01,9.071120790416618007e-01,1.020159387172467014e+00,1.019503284826341893e+00,9.163934491244808411e-01,1.033681226000101150e+00,8.956105987022274784e-01,8.950696782128814144e-01,1.026575661591532018e+00,1.025185072284621635e+00,1.022003404223250422e+00,9.041997635861462879e-01,1.234417469289551317e+00,1.236069656898018732e+00,1.236488767808475719e+00,1.234654938330702834e+00,1.235334600686931905e+00,1.235021054830902187e+00,1.234201390621572525e+00,1.236206971627188178e+00,1.234353131057548847e+00,1.235536367690144743e+00,1.234276544892032756e+00,1.234612348941257487e+00,1.235098708237491127e+00,1.234875952354989481e+00,1.235442315298094229e+00
3.094045045987534048e-01,3.407648834167042451e-01,3.075895915339139086e-01,3.146378903883002010e-01,2.941956243658290227e-01,3.069347550881131315e-01,3.199086367965078836e-01,3.277198631346595614e-01,3.053462259174002380e-01,3.383269381131216447e-01,3.489762424019721143e-01,3.166078224317902534e-01,0.000000000000000000e+00,3.473959975489067098e-01,3.096340647700119852e-01,7.409659800246749528e-01,7.400852330297225112e-01,7.587845003862708770e-01,7.545310766345557640e-01,4.871984418386414162e-01,7.514167476536216528e-01,7.434216253440253386e-01,7.464670635086603223e-01,4.769333807042656637e-01,7.460189650434907449e-01,7.593839937421177355e-01,7.426165946214849933e-01,4.593622259818497811e-01,7.498409444043914185e-01,7.550638115553118812e-01,1.320250134863335534e+00,1.337391434777829291e+00,1.326694277264831134e+00,1.310083348865983988e+00,1.329910296236409994e+00,1.337392768580400348e+00,1.323466507337244691e+00,1.333315228893601434e+00,1.346984532238549637e+00,1.325018866894305258e+00,1.327676603200104610e+00,1.339282573680720123e+00,1.332523813282252112e+00,1.347734527929004722e+00,1.328800991664507603e+00,9.929479426288467803e-01,1.007131403119944091e+00,9.947289075306788853e-01,9.936917787205217234e-01,9.914634780160085370e-01,9.929279888434427992e-01,9.922718864973179009e-01,9.912449006805637008e-01,1.006449827671076935e+00,9.913868628669126881e-01,9.943022778780947757e-01,9.993442632625080257e-01,9.979536739555974201e-01,9.136751852261135731e-01,8.960317467879166387e-01,1.207186070960527324e+00,1.208838258568994517e+00,1.209257369479451505e+00,1.207423540001678619e+00,1.208103202357907691e+00,1.207789656501877973e+00,1.206969992292548310e+00,1.208975573298164186e+00,1.207121732728524854e+00,1.208304969361120751e+00,1.207045146563008542e+00,1.207380950612233272e+00,1.207867309908466913e+00,1.207644554025965267e+00,1.208210916969070237e+00
3.030630113887209931e-01,2.885913963738350740e-01,3.500487831845727205e-01,3.070037617293964183e-01,2.893228276113034014e-01,3.267440605198509984e-01,3.049035554827132510e-01,3.305969720445122717e-01,2.806641905106527779e-01,2.927107222532171482e-01,3.148492768373464257e-01,3.249845959949486662e-01,3.473959975489067098e-01,0.000000000000000000e+00,3.350486064230084327e-01,7.284053230212299557e-01,7.266438125271789117e-01,7.200533678712097707e-01,7.419526820472470696e-01,7.104106992267009701e-01,7.223906312324913648e-01,7.311821245426479710e-01,7.192661063803443833e-01,4.610599030559912048e-01,7.693601030560406340e-01,7.342763400862294398e-01,7.080052959800141599e-01,4.869871880645322282e-01,4.477681966609508568e-01,7.119021880365403732e-01,1.313908641653303011e+00,1.331049941567796768e+00,1.320352784054798612e+00,1.303741855655951465e+00,1.323568803026377472e+00,1.331051275370367826e+00,1.317125014127212168e+00,1.326973735683568911e+00,1.340643039028517114e+00,1.318677373684272736e+00,1.321335109990072088e+00,1.332941080470687600e+00,1.326182320072219589e+00,1.341393034718972199e+00,1.322459498454475080e+00,9.866064494188142575e-01,1.000789909909911790e+00,9.883874143206463625e-01,9.873502855104892006e-01,9.851219848059762363e-01,9.865864956334102764e-01,9.859303932872853782e-01,9.849034074705311781e-01,1.000108334461044635e+00,9.850453696568803874e-01,9.879607846680624750e-01,9.930027700524755030e-01,9.916121807455651194e-01,8.978017075778391698e-01,9.236567088705991413e-01,1.200844577750494802e+00,1.202496765358961994e+00,1.202915876269419204e+00,1.201082046791646096e+00,1.201761709147875390e+00,1.201448163291845450e+00,1.200628499082516010e+00,1.202634080088131663e+00,1.200780239518492332e+00,1.201963476151088228e+00,1.200703653352976019e+00,1.201039457402200750e+00,1.201525816698434390e+00,1.201303060815932966e+00,1.201869423759037714e+00
3.696195754082837737e-01,2.990717076722571588e-01,3.307654133823546561e-01,3.664920599098976384e-01,3.408648050782009942e-01,3.549159650297517565e-01,3.257970761071989352e-01,3.229578136924387555e-01,3.680278098255619357e-01,3.722509572546455758e-01,3.182184545811257426e-01,3.570073794027232572e-01,3.096340647700119852e-01,3.350486064230084327e-01,0.000000000000000000e+00,4.553834716554828743e-01,7.059920815652180881e-01,4.546749189761846166e-01,4.448970118645437788e-01,7.091510098415163554e-01,6.972934674493531659e-01,4.602848768860432482e-01,4.368329987386483371e-01,4.639703924099036758e-01,4.563113774343128815e-01,4.527261001245675986e-01,7.119490234912606574e-01,4.421740307537294079e-01,7.083309084580418080e-01,4.514214808801194079e-01,1.380465205672865903e+00,1.397606505587359660e+00,1.386909348074361503e+00,1.370298419675514356e+00,1.390125367045940363e+00,1.397607839389930717e+00,1.383681578146775060e+00,1.393530299703131803e+00,1.407199603048080006e+00,1.385233937703835627e+00,1.387891674009634979e+00,1.399497644490250492e+00,1.392738884091782481e+00,1.407949598738535091e+00,1.389016062474037971e+00,8.926780845637789508e-01,1.067346473929474460e+00,1.054943978340209254e+00,8.750525384707328325e-01,8.694155264325187371e-01,1.053143059652973168e+00,1.052486957306848270e+00,8.673499522247689608e-01,1.066664898480607304e+00,8.977945272299833190e-01,8.871094758120543489e-01,1.059559334072038395e+00,1.058168744765127789e+00,9.007121969317516408e-01,8.788435515597963210e-01,1.267401141770057693e+00,1.269053329378524886e+00,1.269472440288981874e+00,1.267638610811208988e+00,1.268318273167438059e+00,1.268004727311408342e+00,1.267185063102078679e+00,1.269190644107694554e+00,1.267336803538055223e+00,1.268520040170651120e+00,1.267260217372538911e+00,1.267596021421763641e+00,1.268082380717997282e+00,1.267859624835495636e+00,1.268425987778600605e+00
4.663541300449690619e-01,4.398139266473948261e-01,4.551574866483028559e-01,6.951703092738462653e-01,4.809414903145704523e-01,7.060515205085924340e-01,4.551394096559865377e-01,4.752248846062251397e-01,7.388395767708474393e-01,6.925506734433445333e-01,4.639543209034699967e-01,4.633436740563099399e-01,7.409659800246749528e-01,7.284053230212299557e-01,4.553834716554828743e-01,0.000000000000000000e+00,3.403663394050592816e-01,3.385596347794579963e-01,2.963808263214744998e-01,2.537675381860335366e-01,2.977325133689635028e-01,3.106677343223785970e-01,3.055500049566354792e-01,3.162194894736881645e-01,3.112448683239611991e-01,3.491839846613815634e-01,2.906495329481882384e-01,3.314623925862480447e-01,3.051711166460548408e-01,2.830352291535454534e-01,1.477199760309551024e+00,1.494341060224044782e+00,1.483643902711046625e+00,1.467032974312199478e+00,1.486859921682625707e+00,1.494342394026615839e+00,1.480416132783460181e+00,1.490264854339816925e+00,1.503934157684765349e+00,1.481968492340520971e+00,1.484626228646320101e+00,1.496232199126935836e+00,1.489473438728467602e+00,1.504684153375220212e+00,1.485750617110723315e+00,6.918197548388975715e-01,6.788160632200636035e-01,6.792872070176013688e-01,6.665130419291027675e-01,7.150441751463616491e-01,6.844892512693587783e-01,7.194532151490293792e-01,6.752822804686385849e-01,6.990139795931780142e-01,7.174054003264738189e-01,4.317260041565714745e-01,6.902013190108143847e-01,7.278345662634446711e-01,7.151054522328212926e-01,6.678494494918452151e-01,1.364135696406743037e+00,1.365787884015210008e+00,1.366206994925667217e+00,1.364373165447894110e+00,1.365052827804123403e+00,1.364739281948093463e+00,1.363919617738764023e+00,1.365925198744379898e+00,1.364071358174740567e+00,1.365254594807336463e+00,1.363994772009224032e+00,1.364330576058448763e+00,1.364816935354682403e+00,1.364594179472180979e+00,1.365160542415285949e+00
4.474259100063383565e-01,6.957533599151579651e-01,7.025617581855132521e-01,6.958683661440099311e-01,7.302901111662069011e-01,7.120368269110706194e-01,7.212456327644838350e-01,7.274832317102396528e-01,4.918835981012174563e-01,7.065138633373069244e-01,7.040745745742158501e-01,7.173384069917593253e-01,7.400852330297225112e-01,7.266438125271789117e-01,7.059920815652180881e-01,3.403663394050592816e-01,0.000000000000000000e+00,3.245282888747913486e-01,2.610950697006743093e-01,2.556160452964563734e-01,2.590895088786884792e-01,2.772547708372211095e-01,2.771068856831241378e-01,2.655839094711877069e-01,3.060797894177267886e-01,2.872423226632871973e-01,2.547560544089188528e-01,2.807230070478727857e-01,2.929214837819171802e-01,3.010735829676858266e-01,1.458271540270920319e+00,1.475412840185414076e+00,1.464715682672415920e+00,1.448104754273568773e+00,1.467931701643995002e+00,1.475414173987985134e+00,1.461487912744829476e+00,1.471336634301186219e+00,1.485005937646134644e+00,1.463040272301890266e+00,1.465698008607689395e+00,1.477303979088305130e+00,1.470545218689836897e+00,1.485755933336589507e+00,1.466822397072092610e+00,7.271943071024984384e-01,9.222479078153811294e-01,6.798832033407133935e-01,7.153264254152085222e-01,6.856135842686492676e-01,9.044553353911752858e-01,6.835597366097599936e-01,6.835480100608994913e-01,9.148571595319050509e-01,7.676478971285900510e-01,7.720923435616307007e-01,9.250084654639796344e-01,9.278857981768893204e-01,7.023257139930356718e-01,7.173925278539396988e-01,1.345207476368112331e+00,1.346859663976579302e+00,1.347278774887036512e+00,1.345444945409263404e+00,1.346124607765492698e+00,1.345811061909462758e+00,1.344991397700133318e+00,1.346996978705749193e+00,1.345143138136109862e+00,1.346326374768705758e+00,1.345066551970593327e+00,1.345402356019818058e+00,1.345888715316051698e+00,1.345665959433550274e+00,1.346232322376655244e+00
4.676611250072000847e-01,4.630809940064481989e-01,7.188289683963307031e-01,7.161149930838008881e-01,7.383668698959089394e-01,7.293185878676458067e-01,7.307463174040582654e-01,7.439587758336858592e-01,4.934984496763896167e-01,7.158177408023979060e-01,7.272724011639297714e-01,4.524909904484287759e-01,7.587845003862708770e-01,7.200533678712097707e-01,4.546749189761846166e-01,3.385596347794579963e-01,3.245282888747913486e-01,0.000000000000000000e+00,3.209521548767043098e-01,2.968475430536691717e-01,2.793361358184794918e-01,2.853315295669231477e-01,3.312055492530281420e-01,2.818511196820052134e-01,3.291775971326116879e-01,2.894565097005074583e-01,2.767946158219122821e-01,3.409398462559047882e-01,2.722851712102589139e-01,2.884386671824704651e-01,1.478506755271782103e+00,1.495648055186275860e+00,1.484950897673277703e+00,1.468339969274430556e+00,1.488166916644856563e+00,1.495649388988846917e+00,1.481723127745691260e+00,1.491571849302048003e+00,1.505241152646996206e+00,1.483275487302751827e+00,1.485933223608551179e+00,1.497539194089166692e+00,1.490780433690698681e+00,1.505991148337451291e+00,1.487057612072954171e+00,7.206934649478324850e-01,7.006681298958380433e-01,7.001298302805043505e-01,7.218876496035918633e-01,7.199591836959670088e-01,7.091645453978834279e-01,6.847409756470820286e-01,7.022069352325608360e-01,7.158685287667863051e-01,4.431196082537987024e-01,7.287990044237010467e-01,7.168548340067149027e-01,7.129144345848461573e-01,7.069869806267391477e-01,7.010114569442914556e-01,1.365442691368973893e+00,1.367094878977441086e+00,1.367513989887898296e+00,1.365680160410125188e+00,1.366359822766354482e+00,1.366046276910324542e+00,1.365226612700995101e+00,1.367232193706610754e+00,1.365378353136971423e+00,1.366561589769567320e+00,1.317184671473350832e+00,1.365637571020679841e+00,1.366123930316913482e+00,1.365901174434412058e+00,1.366467537377516805e+00
5.051356483985267598e-01,7.171793510715938069e-01,7.288418022628924131e-01,7.286064592629746262e-01,7.397520465426279390e-01,4.509417572103962546e-01,7.321314940507772651e-01,7.473571008483395062e-01,7.529786678018917101e-01,7.428861859285238456e-01,5.179753083439402328e-01,4.982680591709647278e-01,7.545310766345557640e-01,7.419526820472470696e-01,4.448970118645437788e-01,2.963808263214744998e-01,2.610950697006743093e-01,3.209521548767043098e-01,0.000000000000000000e+00,3.277277493728598112e-01,3.359912819166592790e-01,2.867167062136422029e-01,3.108284743874022982e-01,2.918639535485668679e-01,3.252133397048773134e-01,3.345626186306533412e-01,2.841320078519842252e-01,3.088883029656512846e-01,2.941844853862962128e-01,3.382407120749955642e-01,1.515981278663108833e+00,1.533122578577602590e+00,1.522425421064604434e+00,1.505814492665757287e+00,1.525641440036183294e+00,1.533123912380173648e+00,1.519197651137017990e+00,1.529046372693374733e+00,1.542715676038322936e+00,1.520750010694078558e+00,1.523407746999877910e+00,1.535013717480493423e+00,1.528254957082025411e+00,1.543465671728778021e+00,1.524532135464280902e+00,6.940436303939596652e-01,6.611528381147069311e-01,6.356074972837955084e-01,6.553540158259053561e-01,4.245185145679749583e-01,6.549631758708569507e-01,6.516244687968965055e-01,4.224529403602252375e-01,6.537620898312308526e-01,6.815402673389874266e-01,6.660092166722924034e-01,6.882286295136916809e-01,6.667907284762150111e-01,6.776964031957143364e-01,6.898629112008802799e-01,1.402917214760300624e+00,1.404569402368767816e+00,1.404988513279224804e+00,1.403154683801451919e+00,1.403834346157680990e+00,1.403520800301651272e+00,1.402701136092321832e+00,1.404706717097937485e+00,1.402852876528298154e+00,1.283182383501913160e+00,1.402776290362781841e+00,1.403112094412006572e+00,1.403598453708240212e+00,1.232050177846264027e+00,1.403942060768843536e+00
4.485608847625927043e-01,6.935814648334284183e-01,7.089250248343363925e-01,4.414027710878127286e-01,7.323978216860929091e-01,7.511380455554191871e-01,7.089069478420200188e-01,7.289924227922586208e-01,7.231693174502225041e-01,4.508978180408504954e-01,7.099070370312893230e-01,7.171112122423435320e-01,4.871984418386414162e-01,7.104106992267009701e-01,7.091510098415163554e-01,2.537675381860335366e-01,2.556160452964563734e-01,2.968475430536691717e-01,3.277277493728598112e-01,0.000000000000000000e+00,2.756377450822002362e-01,2.793624813571071730e-01,2.829393481401976662e-01,3.066628995232387189e-01,3.109882137863105855e-01,2.721855519034763193e-01,2.554181527828435772e-01,3.152307618824660151e-01,2.626425025657500578e-01,2.977607692443717813e-01,1.459406515027174667e+00,1.476547814941668424e+00,1.465850657428670267e+00,1.449239729029823120e+00,1.469066676400249349e+00,1.476549148744239481e+00,1.462622887501083824e+00,1.472471609057440567e+00,1.486140912402388992e+00,1.464175247058144613e+00,1.466832983363943743e+00,1.478438953844559478e+00,1.471680193446091245e+00,1.486890908092843855e+00,1.467957371828346957e+00,7.121375363426876159e-01,9.286700103501619452e-01,6.964314395442251504e-01,7.211588878722821061e-01,7.321843836739295730e-01,9.051174337651000101e-01,6.842218349836847180e-01,7.414657537567486134e-01,9.275389117600589817e-01,7.399671513074679297e-01,6.854935423426049557e-01,9.412344522498414801e-01,9.448163194533296672e-01,7.434047040450866284e-01,7.519002826885328172e-01,1.346342451124366679e+00,1.347994638732833650e+00,1.348413749643290860e+00,1.346579920165517752e+00,1.347259582521747046e+00,1.346946036665717106e+00,1.346126372456387665e+00,1.348131953462003541e+00,1.346278112892364209e+00,1.347461349524960106e+00,1.346201526726847675e+00,1.346537330776072405e+00,1.347023690072306046e+00,1.346800934189804622e+00,1.347367297132909592e+00
4.505531273767833800e-01,4.366638510364694858e-01,7.278641673246045718e-01,4.367788572653214518e-01,7.487303600452468455e-01,7.029014448976671492e-01,7.045992157920644150e-01,4.683937228315511736e-01,7.185454036277312273e-01,6.894005978324191375e-01,6.874281576017964301e-01,7.059749074686243464e-01,7.514167476536216528e-01,7.223906312324913648e-01,6.972934674493531659e-01,2.977325133689635028e-01,2.590895088786884792e-01,2.793361358184794918e-01,3.359912819166592790e-01,2.756377450822002362e-01,0.000000000000000000e+00,2.956950197162610539e-01,2.604604687107047734e-01,3.023077512039676895e-01,3.446592313822451348e-01,2.639626223028555541e-01,2.740095358395396863e-01,2.934946910695319655e-01,2.746224345715405080e-01,2.649130066757764412e-01,1.461398757641365398e+00,1.478540057555859155e+00,1.467842900042860999e+00,1.451231971644013852e+00,1.471058919014439859e+00,1.478541391358430213e+00,1.464615130115274555e+00,1.474463851671631298e+00,1.488133155016579501e+00,1.466167489672335122e+00,1.468825225978134474e+00,1.480431196458749987e+00,1.473672436060281976e+00,1.488883150707034586e+00,1.469949614442537467e+00,6.853138779206788822e-01,6.907044567076234820e-01,4.207936944620249142e-01,6.615791802413799605e-01,6.318826771778455198e-01,6.770597818965506942e-01,6.690369027175581129e-01,6.882668851653176434e-01,6.632823398333081988e-01,7.034309439639261363e-01,6.683548973230548640e-01,6.659189565852912107e-01,6.780427873350610701e-01,6.792810109690442522e-01,6.747156676762389171e-01,1.348334693738557188e+00,1.349986881347024381e+00,1.350405992257481591e+00,1.348572162779708483e+00,1.349251825135937777e+00,1.301812264108545003e+00,1.348118615070578397e+00,1.350124196076194050e+00,1.348270355506554719e+00,1.349453592139150615e+00,1.348193769341038406e+00,1.348529573390263137e+00,1.349015932686496777e+00,1.348793176803995353e+00,1.349359539747100101e+00
