0.000000000000000000e+00,3.204704000000000178e+03,3.229094000000000051e+03,3.097226999999999862e+03,3.215956999999999880e+03,3.375028000000000247e+03,3.296083000000000084e+03,3.378280999999999949e+03,3.465282000000000153e+03,3.499317000000000007e+03,3.164829999999999927e+03,3.448889000000000124e+03,2.364523999999999887e+03,3.234298999999999978e+03,2.102244999999999891e+03,2.178782999999999902e+03,1.265841000000000122e+03,3.200726000000000113e+03,3.275597000000000207e+03,3.357865999999999985e+03,3.682293000000000120e+03,3.527360999999999876e+03,3.504976999999999862e+03,3.466153000000000247e+03,3.483363000000000284e+03,3.383238000000000284e+03,3.167335000000000036e+03,3.150211000000000240e+03,3.379755000000000109e+03,3.096249000000000251e+03,3.683619000000000142e+03,3.409181000000000040e+03,3.328994000000000142e+03,3.210673000000000229e+03,3.326307000000000244e+03,3.289941000000000258e+03,3.606503999999999905e+03,3.551722999999999956e+03,3.110789000000000215e+03,3.233936999999999898e+03,3.467880999999999858e+03,3.558952000000000226e+03,1.059781999999999925e+03,3.251219000000000051e+03,1.967187000000000126e+03,3.120827999999999975e+03,3.312597999999999956e+03,3.429317000000000007e+03,3.424047000000000025e+03,1.745191000000000031e+03,3.444195000000000164e+03,3.339197999999999865e+03,3.257179000000000087e+03,3.255751999999999953e+03,3.255818000000000211e+03,3.129809000000000196e+03,3.167846000000000004e+03,3.447954000000000178e+03,3.424800000000000182e+03,3.233101999999999862e+03,1.300057000000000016e+03,3.299858000000000175e+03,3.216077999999999975e+03,3.622521999999999935e+03,1.224958000000000084e+03,2.005425999999999931e+03,1.404110000000000127e+03,3.484164000000000215e+03,2.169581999999999880e+03,3.252028999999999996e+03,3.540327000000000226e+03,2.716750000000000114e+02,3.245563999999999851e+03,1.970143000000000029e+03,3.773255000000000109e+03,3.305342000000000098e+03,3.108927999999999884e+03,3.346036000000000058e+03,3.087334000000000287e+03,3.490340999999999894e+03,3.518793999999999869e+03,3.266782999999999902e+03,3.299195999999999913e+03,1.607391000000000076e+03,3.195230000000000018e+03,1.355490000000000009e+03,3.115465999999999894e+03,3.515079000000000178e+03,3.236427999999999884e+03,3.252018000000000029e+03,3.619343000000000302e+03,2.468689999999999998e+02,3.191327000000000226e+03,3.322188000000000102e+03,3.487155000000000200e+03,3.307671000000000276e+03,3.113405999999999949e+03,3.317463000000000193e+03,3.278483000000000175e+03,3.141275999999999840e+03,3.410371000000000095e+03,3.484003000000000156e+03,3.535740999999999985e+03,3.242974000000000160e+03,3.559521000000000186e+03,1.640236000000000104e+03,3.267913000000000011e+03,3.187726000000000113e+03,3.885075000000000273e+03,3.246720000000000255e+03,1.971489000000000033e+03,3.670856999999999971e+03,2.035997000000000071e+03,3.152635999999999967e+03,3.424124000000000251e+03,3.851791999999999916e+03,3.152367000000000189e+03,3.080740000000000236e+03,3.223778999999999996e+03,3.379827999999999975e+03,3.505346000000000004e+03,3.167239000000000033e+03,3.424155000000000200e+03,3.171170000000000073e+03,3.285914000000000215e+03,3.178175000000000182e+03,3.269563999999999851e+03,3.131775000000000091e+03,3.331639000000000124e+03
3.204704000000000178e+03,0.000000000000000000e+00,9.473350000000000364e+02,1.460999000000000024e+03,1.731069999999999993e+02,4.225407000000000153e+03,3.597248000000000047e+03,3.942590000000000146e+03,4.659753000000000611e+03,4.489043999999999869e+03,4.053069999999999595e+02,4.081623000000000047e+03,4.829212000000000444e+03,2.440010000000000048e+02,4.176421999999999571e+03,4.569391000000000531e+03,4.470545000000000073e+03,3.501815000000000055e+03,1.218254000000000133e+03,3.659259000000000015e+03,4.594445999999999913e+03,4.080614000000000487e+03,4.211037999999999556e+03,1.087552000000000135e+03,1.204710000000000036e+03,4.232067000000000007e+03,4.405729000000000269e+03,3.878903999999999996e+03,4.082903000000000247e+03,4.532320999999999913e+03,4.484855999999999767e+03,4.139650999999999840e+03,4.121949999999999818e+03,3.747934999999999945e+03,9.958530000000000655e+02,4.145270000000000437e+03,4.711445999999999913e+03,4.174519000000000233e+03,3.592559000000000196e+03,9.396009999999999991e+02,1.154881000000000085e+03,4.397595999999999549e+03,4.264485999999999876e+03,3.993041000000000167e+03,4.826918000000000575e+03,3.890213000000000193e+03,3.107163000000000011e+03,4.227989999999999782e+03,4.142346999999999753e+03,4.949895000000000437e+03,3.743702999999999975e+03,4.332736000000000786e+03,3.820199000000000069e+03,1.068079999999999927e+02,2.784250000000000114e+02,2.927239999999999895e+02,1.378029999999999973e+03,4.630859000000000378e+03,4.797213999999999942e+03,3.011865999999999985e+03,4.504761000000000422e+03,1.122900000000000091e+03,3.533069999999999595e+02,4.257372000000000298e+03,4.429662000000000262e+03,4.768177000000000589e+03,4.608814000000000306e+03,4.221628999999999905e+03,4.965642000000000735e+03,1.100826999999999998e+03,4.208362000000000080e+03,3.476379000000000360e+03,2.557950000000000159e+02,4.750175000000000182e+03,4.786034000000000560e+03,2.845737000000000080e+03,3.653423999999999978e+03,4.173882999999999811e+03,4.009630000000000109e+03,4.272307999999999993e+03,4.012248000000000502e+03,3.284139999999999873e+02,4.552913000000000466e+03,4.812095000000000255e+03,3.460110000000000127e+03,4.560194000000000415e+03,3.938182000000000244e+03,4.399573000000000320e+03,4.796419999999999959e+02,1.189005000000000109e+03,4.390859999999999673e+03,3.451573000000000320e+03,9.257839999999999918e+02,2.923353000000000065e+03,4.352289999999999964e+03,3.551246999999999844e+03,3.916474000000000160e+03,4.157630000000000109e+03,3.140830000000000268e+02,3.958889999999999873e+03,4.150637999999999920e+03,8.534170000000000300e+02,4.330375000000000000e+03,1.060199000000000069e+03,4.583873000000000502e+03,4.844940000000000509e+03,3.416666999999999916e+03,2.033019999999999925e+02,4.819273000000001048e+03,7.574399999999999977e+01,4.431493000000000393e+03,4.340619000000000597e+03,4.801656000000000859e+03,3.067645999999999731e+03,3.686735999999999876e+03,4.732406999999999243e+03,2.873918000000000120e+03,3.646833000000000084e+03,4.109700000000000131e+01,1.140066000000000031e+03,3.120123000000000047e+03,4.214471999999999753e+03,4.366353000000000065e+03,9.513400000000000034e+01,4.007162000000000262e+03,3.884202999999999975e+03,3.111129999999999995e+02,3.964668999999999869e+03,3.593732999999999720e+03
3.229094000000000051e+03,9.473350000000000364e+02,0.000000000000000000e+00,1.819767000000000053e+03,9.935520000000000209e+02,3.998505999999999858e+03,4.172685999999999694e+03,4.067536999999999807e+03,4.441265999999999622e+03,4.131201000000000022e+03,1.134914999999999964e+03,4.065146999999999935e+03,4.493487000000000080e+03,9.226580000000000155e+02,3.510594000000000051e+03,4.173935999999999694e+03,4.494935000000000400e+03,4.268118999999999687e+03,8.227989999999999782e+02,4.204083999999999833e+03,4.243845999999999549e+03,3.313585000000000036e+03,3.937168000000000120e+03,8.690650000000000546e+02,9.872860000000000582e+02,4.015317000000000462e+03,4.191873000000000502e+03,4.201604000000000269e+03,4.010430000000000291e+03,4.318465000000000146e+03,4.353435999999999694e+03,4.067178000000000338e+03,3.455965999999999894e+03,4.070635000000000218e+03,1.136689999999999969e+02,4.112595999999999549e+03,4.126845999999999549e+03,3.407489999999999782e+03,4.358862999999999374e+03,9.077380000000000564e+02,2.726970000000000027e+02,3.609760999999999967e+03,4.288876000000000204e+03,3.865438000000000102e+03,4.431462999999999738e+03,4.268753000000000611e+03,2.224979000000000269e+03,3.562005999999999858e+03,4.125871000000000095e+03,4.974284999999999854e+03,4.430262999999999920e+03,3.450552000000000135e+03,3.998371000000000095e+03,9.719490000000000691e+02,9.649850000000000136e+02,1.114309999999999945e+03,1.730487000000000080e+03,4.080163000000000466e+03,4.605003999999999905e+03,2.224030999999999949e+03,4.529150999999999840e+03,9.090439999999999827e+02,1.104549999999999955e+03,3.486947000000000116e+03,4.454051999999999680e+03,4.372721999999999753e+03,4.633203999999999724e+03,3.973646999999999935e+03,4.505125000000000000e+03,3.337980000000000018e+02,3.437936999999999898e+03,3.500769000000000233e+03,9.801230000000000473e+02,4.354720000000000255e+03,3.903850000000000364e+03,1.963553000000000111e+03,4.419727999999999156e+03,3.994998000000000047e+03,4.354473999999999251e+03,4.245256000000000313e+03,3.245219000000000051e+03,1.014974000000000046e+03,4.339056999999999789e+03,4.836485000000000582e+03,3.444693000000000211e+03,4.584583999999999833e+03,4.316722000000000662e+03,4.117990999999999985e+03,1.158416999999999916e+03,8.626980000000000928e+02,3.804416000000000167e+03,3.475963000000000193e+03,2.599560000000000173e+02,2.041169000000000096e+03,3.470106000000000222e+03,4.171371000000000095e+03,4.239173999999999978e+03,3.993005000000000109e+03,1.000643000000000029e+03,4.281590000000000146e+03,4.046483999999999924e+03,8.664110000000000582e+02,3.542539999999999964e+03,8.463429999999999609e+02,3.816844000000000051e+03,4.869329999999999927e+03,4.180689000000000306e+03,1.024887999999999920e+03,4.052244000000000142e+03,9.408850000000001046e+02,4.036038000000000011e+03,3.573590000000000146e+03,4.406201000000000022e+03,2.315266999999999825e+03,4.055322000000000116e+03,3.944572000000000116e+03,2.103492999999999938e+03,3.631416000000000167e+03,9.062380000000000564e+02,5.797620000000000573e+02,2.237939000000000306e+03,4.216394999999999527e+03,3.767036000000000058e+03,1.042469000000000051e+03,3.570753999999999905e+03,3.974276000000000295e+03,1.013091000000000008e+03,4.113666999999999462e+03,4.148324999999999818e+03
3.097226999999999862e+03,1.460999000000000024e+03,1.819767000000000053e+03,0.000000000000000000e+00,1.324620000000000118e+03,4.370301999999999680e+03,3.648188000000000102e+03,4.502896999999999935e+03,3.485495000000000346e+03,3.897780000000000200e+03,1.290939000000000078e+03,4.383185000000000400e+03,3.368213000000000193e+03,1.395514000000000124e+03,4.727618000000000393e+03,3.687764000000000124e+03,4.363068000000000211e+03,3.552755000000000109e+03,1.917361999999999853e+03,3.710199000000000069e+03,4.645386000000000422e+03,4.249252999999999702e+03,4.313314000000000306e+03,1.486996000000000095e+03,1.605217000000000098e+03,4.445456000000000131e+03,3.251827999999999975e+03,4.218349999999999454e+03,4.458394999999999527e+03,3.125235999999999876e+03,4.535796000000000276e+03,4.515142999999999120e+03,4.364908000000000357e+03,4.349318999999999505e+03,1.933436000000000149e+03,4.262569999999999709e+03,4.677509000000000015e+03,4.506792999999999665e+03,3.462010999999999967e+03,1.186472999999999956e+03,1.821514000000000124e+03,3.178718000000000302e+03,4.157009000000000015e+03,4.498944999999999709e+03,3.945291000000000167e+03,4.203008000000000720e+03,1.847894000000000005e+03,4.454804000000000087e+03,4.443909000000000560e+03,4.842417999999999665e+03,4.803195999999999913e+03,4.477452000000000226e+03,4.380506000000000313e+03,1.567807000000000016e+03,1.437841000000000122e+03,1.263820999999999913e+03,8.928000000000000114e+01,3.799311000000000149e+03,4.260359000000000378e+03,2.724990999999999985e+03,4.397283999999999651e+03,1.806416999999999916e+03,1.342939000000000078e+03,3.805273000000000138e+03,4.322184999999999491e+03,3.930551999999999680e+03,4.501336999999999534e+03,4.090686999999999898e+03,3.733086999999999989e+03,1.485969000000000051e+03,3.756262999999999920e+03,3.368902000000000044e+03,1.407308000000000220e+03,4.180292999999999665e+03,5.144256000000000313e+03,1.586468000000000075e+03,3.401146000000000186e+03,4.406630000000000109e+03,4.083591000000000349e+03,4.500588999999999942e+03,4.308671000000000276e+03,1.432515000000000100e+03,3.476974000000000160e+03,4.704618000000000393e+03,3.296701000000000022e+03,4.452716999999999643e+03,4.155039000000000669e+03,4.627854000000000269e+03,1.378561000000000149e+03,1.877783999999999878e+03,4.259917999999999665e+03,3.344096000000000004e+03,1.791420000000000073e+03,2.044217000000000098e+03,3.529387999999999920e+03,4.314444999999999709e+03,4.180779999999999745e+03,4.383667999999999665e+03,1.473499000000000024e+03,4.199617000000001099e+03,4.473275000000000546e+03,1.721131000000000085e+03,4.043500000000000000e+03,1.743715999999999894e+03,3.836707000000000335e+03,4.737462999999999738e+03,4.212213999999999942e+03,1.293284000000000106e+03,4.537126000000000204e+03,1.536742999999999938e+03,4.267235999999999876e+03,4.311757000000000517e+03,3.897072999999999865e+03,2.633755000000000109e+03,4.422792999999999665e+03,3.513529000000000451e+03,2.421818999999999960e+03,3.109978000000000065e+03,1.502096000000000004e+03,1.750243999999999915e+03,1.860854000000000042e+03,4.309827000000000226e+03,4.417292999999999665e+03,1.365865000000000009e+03,4.479695999999999913e+03,4.607782999999999447e+03,1.462626000000000204e+03,4.324398000000000138e+03,4.329789999999999964e+03
3.215956999999999880e+03,1.731069999999999993e+02,9.935520000000000209e+02,1.324620000000000118e+03,0.000000000000000000e+00,4.233039000000000669e+03,3.770150000000000091e+03,3.950222000000000207e+03,4.578188000000000102e+03,4.395728999999999360e+03,2.322839999999999918e+02,4.089255000000000109e+03,4.692833000000000538e+03,7.089400000000000546e+01,4.204537000000000262e+03,4.404186999999999898e+03,4.481797999999999774e+03,3.674717000000000098e+03,1.053050000000000182e+03,3.832161000000000058e+03,4.767347999999999956e+03,4.048456000000000131e+03,4.117722999999999956e+03,1.005987000000000080e+03,1.124208000000000084e+03,4.239699000000000524e+03,4.232622000000000298e+03,3.785395999999999731e+03,4.090535000000000309e+03,4.359213999999999942e+03,4.657757999999999811e+03,4.147283000000000357e+03,3.956746000000000095e+03,3.755567000000000007e+03,1.107221000000000004e+03,4.152902000000000044e+03,4.861716999999999643e+03,4.142360999999999876e+03,3.765461000000000240e+03,9.857630000000000337e+02,9.983250000000000455e+02,4.225629999999999200e+03,4.275738999999999578e+03,3.969375000000000000e+03,4.661713999999999942e+03,3.718246999999999844e+03,2.993954000000000178e+03,4.062786000000000058e+03,4.149979000000000269e+03,4.961148000000000138e+03,3.578498999999999796e+03,4.420015000000000327e+03,3.827831000000000131e+03,2.559189999999999827e+02,1.132210000000000036e+02,1.207579999999999956e+02,1.235340000000000146e+03,4.549293999999999869e+03,4.624106999999999971e+03,2.839899999999999636e+03,4.516014000000000124e+03,9.497930000000000064e+02,1.802839999999999918e+02,4.145545999999999367e+03,4.440914999999999964e+03,4.602973000000000866e+03,4.620067000000000007e+03,4.080988999999999578e+03,4.800438000000001011e+03,1.068669000000000096e+03,4.096536000000000058e+03,3.487632000000000062e+03,8.268800000000000239e+01,4.584971000000000458e+03,4.629478000000000065e+03,2.732528000000000247e+03,3.826326000000000022e+03,4.181515000000000327e+03,3.837663999999999760e+03,4.445414999999999964e+03,3.980090000000000146e+03,1.590819999999999936e+02,4.379805999999999585e+03,4.823347999999999956e+03,3.287002999999999702e+03,4.571447000000000116e+03,3.766215999999999894e+03,4.572680000000000291e+03,3.066530000000000200e+02,1.021159999999999968e+03,4.250219999999999345e+03,3.462826000000000022e+03,9.538990000000000009e+02,3.034721000000000004e+03,4.195734000000000378e+03,3.457931999999999789e+03,3.822965999999999894e+03,4.165262000000000626e+03,1.488790000000000191e+02,3.790935999999999694e+03,4.158270000000000437e+03,1.026524000000000115e+03,4.158408999999999651e+03,8.870919999999999845e+02,4.501392999999999120e+03,4.856193000000000211e+03,3.323351999999999862e+03,3.133600000000000207e+01,4.787114999999999782e+03,2.488509999999999991e+02,4.266289000000000669e+03,4.308461000000000240e+03,4.636452000000001135e+03,2.894623000000000047e+03,3.593420999999999822e+03,4.560440999999998894e+03,2.762091999999999643e+03,3.473725999999999658e+03,2.142040000000000077e+02,1.147434999999999945e+03,3.006914000000000215e+03,4.041449000000000069e+03,4.484221000000000458e+03,2.200460000000000207e+02,3.841958000000000084e+03,3.860536999999999807e+03,1.380060000000000002e+02,3.854086999999999989e+03,3.500417999999999665e+03
3.375028000000000247e+03,4.225407000000000153e+03,3.998505999999999858e+03,4.370301999999999680e+03,4.233039000000000669e+03,0.000000000000000000e+00,7.221140000000000327e+02,2.828170000000000073e+02,2.012470000000000255e+03,4.509984000000000378e+03,4.169576000000000022e+03,2.327059999999999889e+02,3.939177000000000135e+03,4.303932999999999993e+03,3.551027000000000044e+03,4.258728000000000065e+03,4.640869000000000597e+03,8.175470000000000255e+02,3.878693000000000211e+03,6.601030000000000655e+02,9.374560000000000173e+02,4.405722999999999956e+03,3.645408000000000357e+03,3.800012000000000171e+03,3.918233000000000175e+03,7.515399999999999636e+01,2.969721000000000004e+03,6.084410000000000309e+02,2.086119999999999948e+02,3.096313000000000102e+03,1.047046000000000049e+03,2.276430000000000007e+02,5.425399999999999636e+02,4.774720000000000368e+02,3.884836999999999989e+03,1.146290000000000049e+02,8.204560000000000173e+02,1.049031999999999925e+03,9.082910000000000537e+02,4.074480000000000473e+03,4.043864999999999782e+03,4.594875000000000000e+03,4.434810000000000400e+03,6.063220000000000027e+02,4.516255000000000109e+03,6.755900000000000318e+02,3.384721000000000458e+03,6.485799999999999272e+02,2.038100000000000023e+02,5.120219000000000051e+03,2.724170000000000073e+03,2.144485000000000127e+03,4.052080000000000268e+02,4.332215000000000146e+03,4.264987000000000080e+03,4.196460000000000036e+03,4.459582000000000335e+03,3.066911999999999807e+03,3.002864000000000033e+03,4.220863000000000284e+03,4.675085000000000036e+03,3.989638000000000375e+03,4.221576000000000022e+03,4.415399000000000342e+03,4.599986000000000786e+03,4.058367999999999938e+03,4.779138000000000829e+03,3.077849999999999909e+03,3.860903000000000247e+03,4.122724000000000160e+03,4.510546999999999571e+03,3.646703000000000429e+03,4.315726999999999862e+03,4.308109000000000378e+03,1.468351000000000113e+03,3.375587999999999738e+03,9.691560000000000628e+02,2.028209999999999980e+02,7.039380000000001019e+02,1.025231999999999971e+03,4.337356999999999971e+03,4.267596999999999753e+03,2.744574999999999818e+03,4.982418999999999869e+03,2.922141000000000076e+03,4.730518000000000029e+03,7.235590000000000828e+02,1.152497000000000071e+03,4.257198000000000320e+03,3.793645000000000437e+03,3.247081000000000131e+03,3.621897000000000389e+03,4.258461999999999534e+03,3.393375000000000000e+03,3.842637999999999920e+03,4.108430000000000291e+03,6.460110000000000809e+02,1.338849999999999909e+02,4.300645000000000437e+03,6.833240000000000691e+02,2.486289999999999907e+02,3.797358000000000175e+03,4.702759000000000015e+03,3.927713000000000648e+03,4.059552000000000135e+03,5.015264000000000124e+03,4.220229999999999563e+03,4.264375000000000000e+03,4.326953000000000429e+03,4.301150999999999840e+03,4.395051999999999680e+03,4.433502999999999702e+03,4.024889000000000124e+03,4.312099000000000160e+03,3.972940999999999804e+03,4.262922000000000480e+03,4.210938999999999396e+03,3.108864000000000033e+03,4.266503999999999905e+03,3.510709000000000287e+03,3.649973999999999705e+03,9.474360000000000355e+02,6.548600000000000136e+02,4.272218000000000757e+03,6.564710000000000036e+02,6.516829999999999927e+02,4.313092999999999847e+03,4.631310000000000286e+02,4.065943999999999960e+03
3.296083000000000084e+03,3.597248000000000047e+03,4.172685999999999694e+03,3.648188000000000102e+03,3.770150000000000091e+03,7.221140000000000327e+02,0.000000000000000000e+00,8.740300000000000864e+02,2.031784000000000106e+03,4.525431999999999789e+03,3.861107000000000426e+03,7.349970000000000709e+02,4.164726000000000568e+03,3.699256000000000313e+03,3.637583999999999833e+03,4.484277000000000953e+03,4.561923999999999978e+03,9.543300000000000693e+01,4.333652999999999338e+03,6.201100000000000279e+01,9.971979999999999791e+02,3.964411000000000058e+03,4.147699000000000524e+03,4.505427000000000589e+03,4.622585000000000036e+03,7.972680000000000291e+02,2.276054000000000087e+03,9.425160000000000764e+02,8.102069999999999936e+02,2.402646000000000186e+03,8.876079999999999472e+02,8.669550000000000409e+02,7.167200000000000273e+02,9.954479999999999791e+02,4.059016999999999825e+03,6.143820000000000618e+02,1.114197999999999865e+03,8.586050000000000182e+02,1.861770000000000209e+02,4.536849000000000160e+03,4.218045000000000073e+03,3.999641000000000076e+03,4.355864999999999782e+03,8.507570000000000618e+02,4.741804000000000997e+03,1.009665000000000077e+03,3.351230000000000018e+03,8.066159999999999854e+02,7.957210000000001173e+02,5.041274000000000342e+03,3.088188999999999851e+03,2.746079999999999927e+03,9.231839999999999691e+02,3.704056000000000040e+03,3.741583000000000538e+03,3.889972000000000207e+03,3.737468000000000302e+03,2.517898000000000138e+03,3.044981000000000222e+03,3.622771000000000186e+03,4.596140000000000327e+03,4.444597999999999047e+03,3.809107000000000426e+03,3.998354999999999563e+03,4.521041000000000167e+03,4.283917000000000371e+03,4.700193000000000211e+03,2.355735999999999876e+03,4.086452000000000226e+03,3.932297000000000025e+03,4.163496999999999389e+03,3.567758000000000266e+03,3.756721000000000458e+03,4.533658000000000357e+03,2.031141000000000076e+03,3.342356000000000222e+03,2.470420000000000300e+02,7.584420000000000073e+02,9.294870000000000800e+02,8.524009999999999536e+02,4.032777000000000044e+03,3.791572000000000571e+03,2.195561000000000149e+03,4.903474000000000160e+03,2.200027000000000044e+03,4.651573000000000320e+03,9.907789999999999964e+02,9.796659999999999400e+02,3.935015000000000327e+03,4.248604999999999563e+03,2.524966999999999643e+03,3.542952000000000226e+03,4.237747999999999593e+03,3.547552999999999884e+03,3.244545999999999822e+03,4.349841000000000349e+03,9.049460000000000264e+02,7.354800000000000182e+02,3.777241000000000440e+03,1.022502000000000066e+03,8.250869999999999891e+02,4.271292000000000371e+03,4.261447000000000116e+03,4.382672999999999774e+03,4.353293999999999869e+03,4.936319000000000415e+03,4.395266999999999825e+03,3.800550000000000182e+03,4.136525999999999840e+03,3.672992000000000189e+03,4.620601000000000568e+03,4.224416000000000167e+03,4.250438000000000102e+03,3.714007000000000062e+03,4.423823000000000320e+03,3.664829999999999927e+03,3.925943000000000211e+03,2.386750000000000000e+03,3.638345000000000255e+03,4.232823000000000320e+03,3.583181000000000040e+03,1.033992999999999938e+03,7.691050000000000182e+02,3.550104000000000269e+03,8.315080000000000382e+02,9.595950000000000273e+02,3.789689000000000760e+03,9.628840000000000146e+02,4.390301000000000386e+03
3.378280999999999949e+03,3.942590000000000146e+03,4.067536999999999807e+03,4.502896999999999935e+03,3.950222000000000207e+03,2.828170000000000073e+02,8.740300000000000864e+02,0.000000000000000000e+00,1.998851999999999862e+03,4.416310999999999694e+03,3.886759000000000469e+03,1.390330000000000155e+02,3.747429000000000087e+03,4.021115999999999985e+03,3.717371000000000095e+03,4.066980000000000018e+03,4.644122000000000298e+03,9.501419999999999391e+02,4.017766999999999825e+03,9.277240000000000464e+02,9.423870000000000573e+02,4.312050000000000182e+03,3.551735000000000127e+03,4.021443000000000211e+03,4.139664000000000669e+03,2.965850000000000364e+02,2.986103000000000065e+03,3.256240000000000236e+02,3.310810000000000173e+02,3.112695000000000164e+03,8.327970000000000255e+02,3.650510000000000446e+02,6.115710000000000264e+02,1.946550000000000011e+02,3.953867999999999938e+03,3.974460000000000264e+02,1.059387000000000171e+03,9.553590000000000373e+02,1.040885999999999967e+03,4.295911000000000058e+03,4.028337999999999738e+03,4.501202000000000226e+03,4.438063000000000102e+03,5.348709999999999809e+02,4.324506999999999607e+03,3.927730000000000246e+02,3.551065000000000509e+03,5.055310000000000059e+02,1.997570000000000050e+02,5.123471999999999753e+03,2.853082999999999629e+03,2.243068000000000211e+03,1.223910000000000053e+02,4.049398000000000138e+03,3.982170000000000073e+03,3.990262000000000171e+03,4.592176999999999680e+03,2.976525999999999840e+03,2.998811000000000149e+03,4.267461999999999534e+03,4.678337999999999738e+03,4.128711999999999534e+03,3.938759000000000469e+03,4.390199000000000524e+03,4.603238999999999578e+03,3.866619999999999891e+03,4.782390999999999622e+03,3.229766000000000076e+03,3.669155000000000200e+03,4.029050999999999931e+03,4.416873999999999796e+03,3.649956000000000131e+03,4.032910000000000309e+03,4.116360999999999876e+03,1.634695000000000164e+03,3.541931999999999789e+03,1.101750999999999976e+03,2.312930000000000064e+02,5.121900000000000546e+02,9.138269999999999982e+02,4.243684000000000196e+03,3.984780000000000200e+03,2.910918999999999869e+03,4.985672000000000480e+03,2.918874000000000251e+03,4.733770999999999731e+03,4.407420000000000186e+02,1.041092000000000098e+03,3.974381000000000313e+03,3.932719000000000051e+03,3.398997000000000298e+03,3.625150000000000091e+03,4.327492999999999483e+03,3.559719000000000051e+03,4.025176999999999680e+03,4.104377000000000407e+03,3.631940000000000168e+02,3.002290000000000418e+02,4.017827999999999975e+03,4.056100000000000136e+02,2.080480000000000018e+02,4.018789000000000215e+03,4.609086000000000240e+03,4.066787000000000262e+03,4.298483000000000175e+03,5.018516999999999825e+03,4.223659999999999854e+03,3.981557999999999993e+03,4.233280000000000655e+03,4.018334000000000287e+03,4.203304000000000087e+03,4.438434000000000196e+03,3.833141000000000076e+03,4.176225999999999658e+03,3.968887999999999920e+03,4.530542999999999665e+03,3.964289999999999964e+03,3.105597000000000207e+03,3.983687000000000353e+03,3.732140000000000327e+03,3.816317999999999756e+03,1.113780000000000200e+03,5.339990000000000236e+02,4.037724000000000160e+03,6.599009999999999536e+02,6.437089999999999463e+02,4.030276000000000295e+03,4.113890000000000100e+02,4.061891000000000076e+03
3.465282000000000153e+03,4.659753000000000611e+03,4.441265999999999622e+03,3.485495000000000346e+03,4.578188000000000102e+03,2.012470000000000255e+03,2.031784000000000106e+03,1.998851999999999862e+03,0.000000000000000000e+00,4.852413999999999760e+03,4.597873999999999796e+03,1.859818999999999960e+03,2.772599999999999909e+03,4.507294000000000779e+03,4.564313000000000102e+03,2.453048999999999978e+03,4.731123000000000502e+03,2.127217000000000098e+03,4.008375000000000000e+03,1.969773000000000138e+03,1.309014000000000124e+03,4.704652000000000044e+03,5.272521000000000640e+03,3.572201000000000022e+03,3.690422000000000025e+03,2.017370999999999867e+03,3.113193999999999960e+03,2.033836000000000013e+03,2.033720000000000255e+03,3.239786000000000058e+03,1.418604000000000042e+03,1.976972000000000207e+03,2.207076000000000022e+03,1.995992999999999938e+03,4.327596999999999753e+03,2.127099000000000160e+03,1.192014000000000124e+03,1.911370000000000118e+03,2.217961000000000240e+03,4.425274999999999636e+03,4.295369999999999891e+03,5.251385000000000218e+03,4.525064000000000306e+03,2.007690000000000055e+03,2.710576000000000022e+03,2.072141000000000076e+03,4.626153000000000247e+03,2.101036000000000058e+03,1.920542999999999893e+03,3.626965999999999894e+03,2.130074000000000069e+03,1.843019000000000005e+03,1.970818999999999960e+03,4.660368000000000393e+03,4.464967000000000553e+03,4.579273000000000138e+03,3.396215000000000146e+03,3.148444999999999709e+03,3.751877999999999702e+03,5.341087999999999738e+03,4.765338999999999942e+03,3.897429999999999836e+03,4.572927999999999884e+03,4.786957000000000335e+03,4.690239999999999782e+03,4.580451000000000022e+03,4.012396000000000186e+03,2.558041999999999916e+03,4.616582000000000335e+03,4.509487000000000080e+03,5.209684000000000196e+03,3.736957000000000335e+03,4.539085000000000036e+03,4.814729999999999563e+03,2.358123000000000047e+03,4.887579000000000633e+03,2.278826000000000022e+03,2.117389999999999873e+03,2.020066000000000031e+03,1.179383000000000038e+03,4.636286000000000058e+03,4.483351999999999862e+03,3.038069999999999709e+03,3.779572000000000116e+03,2.414773999999999887e+03,4.421405000000000655e+03,2.044029999999999973e+03,1.306648000000000138e+03,4.685496000000000095e+03,4.093422999999999774e+03,2.727273000000000138e+03,3.712151000000000295e+03,4.344595999999999549e+03,4.822476000000000568e+03,4.290733000000000175e+03,5.151408000000000357e+03,1.996266000000000076e+03,2.108447000000000116e+03,4.429309000000000196e+03,1.999451999999999998e+03,2.050744999999999891e+03,3.806336000000000240e+03,4.820376000000000204e+03,3.960130999999999858e+03,4.431110000000000582e+03,4.265653000000000247e+03,5.116099000000000160e+03,4.600219000000000051e+03,5.189291000000000167e+03,4.691118000000000393e+03,4.917135000000000218e+03,4.805060999999999694e+03,4.546971999999999753e+03,5.372716000000000349e+03,5.201925000000000182e+03,5.572592000000000553e+03,5.584652000000000044e+03,2.601496999999999844e+03,4.700850000000000364e+03,3.861503999999999905e+03,4.631979000000000269e+03,1.960722000000000207e+03,2.099117000000000189e+03,4.656446000000000822e+03,2.302374000000000251e+03,2.116528000000000247e+03,4.483766999999999825e+03,1.779259000000000015e+03,5.108922000000000480e+03
3.499317000000000007e+03,4.489043999999999869e+03,4.131201000000000022e+03,3.897780000000000200e+03,4.395728999999999360e+03,4.509984000000000378e+03,4.525431999999999789e+03,4.416310999999999694e+03,4.852413999999999760e+03,0.000000000000000000e+00,4.379668000000000575e+03,4.277278000000000247e+03,4.407448999999999614e+03,4.330408000000000357e+03,4.813201000000000022e+03,4.727000000000000000e+03,4.765158000000000357e+03,4.620865000000000691e+03,4.286369000000000597e+03,4.463421000000000276e+03,4.299155999999999949e+03,1.216282000000000153e+03,8.645760000000000218e+02,4.322007999999999811e+03,4.440228999999999360e+03,4.434829999999999927e+03,4.075298000000000229e+03,4.667699999999999818e+03,4.527367999999999483e+03,4.201890000000000327e+03,4.408746000000000095e+03,4.470619999999999891e+03,4.568891999999999825e+03,4.536730999999999767e+03,4.244869999999999891e+03,4.624613000000000284e+03,4.182155999999999949e+03,4.154778999999999542e+03,4.711609000000000378e+03,4.771815000000000509e+03,4.403898000000000138e+03,7.190620000000000118e+02,4.559099000000000160e+03,4.501337999999999738e+03,4.984527000000000044e+03,4.734849000000000160e+03,3.124485000000000127e+03,4.518359000000000378e+03,4.338002000000000407e+03,5.244507999999999811e+03,4.011748000000000502e+03,4.161213999999999942e+03,4.464466999999999643e+03,4.483481999999999971e+03,4.288081000000000131e+03,4.516487000000000080e+03,3.808500000000000000e+03,4.045061000000000149e+03,3.564396000000000186e+03,2.104791999999999916e+03,4.799373999999999796e+03,4.397314000000000306e+03,4.327668000000000575e+03,1.462760999999999967e+03,4.724274999999999636e+03,5.504743000000000393e+03,4.903426999999999680e+03,2.763954000000000178e+03,5.668898999999999432e+03,4.196069000000000415e+03,6.932640000000000100e+02,3.770992000000000189e+03,4.313041000000000167e+03,5.469460000000000036e+03,4.269086000000000240e+03,2.863059000000000196e+03,4.772474000000000160e+03,4.534849000000001070e+03,4.854266000000000531e+03,3.673030999999999949e+03,1.284648000000000138e+03,4.238092000000000553e+03,4.056128000000000156e+03,5.106708000000000538e+03,3.557940000000000055e+03,4.854806999999999789e+03,4.782818000000000211e+03,3.800295999999999822e+03,4.467290000000000873e+03,4.371417000000000371e+03,2.933185000000000400e+03,3.746186000000000149e+03,4.391157000000000153e+03,3.274171000000000276e+03,1.612215000000000146e+03,9.377970000000000255e+02,4.705269999999999527e+03,4.602094999999999345e+03,4.292135000000000218e+03,4.747685999999999694e+03,4.468204000000000633e+03,4.253780999999999949e+03,1.282525000000000091e+03,4.460015000000000327e+03,1.653153000000000020e+03,5.139552999999999884e+03,1.072376999999999953e+03,4.427065000000000509e+03,1.434931000000000040e+03,4.514231999999999971e+03,5.470806000000000495e+03,9.562770000000000437e+02,5.535314000000000306e+03,2.196027999999999793e+03,8.023079999999999927e+02,1.053873000000000047e+03,2.027708000000000084e+03,3.744663000000000011e+03,4.525409000000000560e+03,4.277868000000000393e+03,3.137445000000000164e+03,4.454369999999999891e+03,4.457025999999999840e+03,4.393909999999999854e+03,4.466920000000000073e+03,4.610175999999999476e+03,4.257722999999999956e+03,4.753465000000000146e+03,8.953110000000000355e+02
3.164829999999999927e+03,4.053069999999999595e+02,1.134914999999999964e+03,1.290939000000000078e+03,2.322839999999999918e+02,4.169576000000000022e+03,3.861107000000000426e+03,3.886759000000000469e+03,4.597873999999999796e+03,4.379668000000000575e+03,0.000000000000000000e+00,4.025792000000000371e+03,4.659152000000000044e+03,2.338920000000000243e+02,4.125596999999999753e+03,4.388288000000000466e+03,4.430671000000000276e+03,3.765674000000000433e+03,1.037151000000000067e+03,3.923118000000000393e+03,4.829146000000000640e+03,4.098947000000000116e+03,4.101662000000000262e+03,1.052727000000000089e+03,1.170948000000000093e+03,4.176236000000000786e+03,4.334036000000000058e+03,3.823073000000000320e+03,4.027072000000000571e+03,4.416175000000000182e+03,4.719556000000000495e+03,4.083820000000000618e+03,4.003486000000000331e+03,3.692104000000000269e+03,1.204093000000000075e+03,4.089439000000000306e+03,4.912207999999999629e+03,4.192851999999999862e+03,3.856418000000000575e+03,1.148760999999999967e+03,1.045065000000000055e+03,4.139305000000000291e+03,4.224612000000000080e+03,4.183382000000000517e+03,4.645815000000000509e+03,3.759163000000000011e+03,2.960273000000000138e+03,4.109526000000000749e+03,4.086516000000000531e+03,4.910020999999999731e+03,3.625239000000000033e+03,4.319115999999999985e+03,3.764368000000000393e+03,3.841170000000000186e+02,1.915650000000000261e+02,1.616740000000000066e+02,1.201659000000000106e+03,4.428805000000000291e+03,4.787104999999999563e+03,2.753574999999999818e+03,4.464886999999999716e+03,1.051206999999999880e+03,5.200000000000000000e+01,4.186461999999999534e+03,4.389788000000000466e+03,4.587074000000000524e+03,4.568940000000000509e+03,4.243987000000000080e+03,4.784539000000000669e+03,1.119160000000000082e+03,4.137451999999999316e+03,3.436505000000000109e+03,2.179700000000000273e+02,4.569072000000000116e+03,4.676218000000000757e+03,2.698847000000000207e+03,3.917283000000000357e+03,4.118052000000000589e+03,3.878579999999999927e+03,4.555804000000000087e+03,4.030581000000000131e+03,1.415760000000000218e+02,4.481219999999999345e+03,4.772220999999999549e+03,3.450000999999999749e+03,4.520319999999999709e+03,3.807132000000000062e+03,4.683069000000000415e+03,8.762199999999999989e+01,1.102144999999999982e+03,4.413217999999999847e+03,3.411699000000000069e+03,8.749590000000000600e+02,3.131592999999999847e+03,4.242474000000000160e+03,3.441871000000000095e+03,3.860643000000000484e+03,4.101799000000000888e+03,1.956190000000000282e+02,3.831851999999999862e+03,4.094807000000000698e+03,1.215052999999999884e+03,4.072083999999999833e+03,9.885059999999999718e+02,4.542308999999999287e+03,4.805065999999999804e+03,3.307291000000000167e+03,2.510960000000000036e+02,4.837605999999999767e+03,3.530529999999999973e+02,4.250390000000000327e+03,4.358952000000000226e+03,4.620553000000000793e+03,2.662338999999999942e+03,3.577360000000000127e+03,4.474115999999999985e+03,2.803007999999999811e+03,3.636723999999999705e+03,3.642099999999999795e+02,9.284039999999999964e+02,2.973233000000000175e+03,3.809164999999999964e+03,4.420758000000000720e+03,3.110029999999999859e+02,3.888698000000000320e+03,4.080297000000000025e+03,1.884970000000000141e+02,3.895003000000000156e+03,3.484356999999999971e+03
3.448889000000000124e+03,4.081623000000000047e+03,4.065146999999999935e+03,4.383185000000000400e+03,4.089255000000000109e+03,2.327059999999999889e+02,7.349970000000000709e+02,1.390330000000000155e+02,1.859818999999999960e+03,4.277278000000000247e+03,4.025792000000000371e+03,0.000000000000000000e+00,3.886461999999999989e+03,4.160149000000000342e+03,3.743648999999999887e+03,4.206012999999999920e+03,4.714730000000000473e+03,8.304300000000000637e+02,3.961091000000000349e+03,7.970080000000000382e+02,1.081420000000000073e+03,4.173016999999999825e+03,3.412702000000000226e+03,3.882410000000000309e+03,4.000631000000000313e+03,1.575519999999999925e+02,3.011051000000000386e+03,4.646570000000000391e+02,3.067160000000000082e+02,3.137643000000000484e+03,9.718300000000000409e+02,3.100409999999999968e+02,6.091810000000000400e+02,3.336880000000000450e+02,3.951478000000000065e+03,3.473349999999999795e+02,1.053162000000000035e+03,8.163260000000000218e+02,9.211740000000000919e+02,4.156878000000000611e+03,4.027704999999999927e+03,4.362168999999999869e+03,4.508671000000000276e+03,6.739039999999999964e+02,4.463539999999999964e+03,5.318060000000000400e+02,3.577343000000000302e+03,5.031410000000000196e+02,6.072400000000000375e+01,5.194079999999999927e+03,2.852449999999999818e+03,2.242588999999999942e+03,2.614240000000000350e+02,4.188431000000000495e+03,4.121203000000000429e+03,4.129295000000000073e+03,4.472465000000000146e+03,2.837492999999999938e+03,2.859778000000000247e+03,4.357768000000000029e+03,4.748945999999999913e+03,4.072036000000000513e+03,4.077792000000000371e+03,4.251166000000000167e+03,4.673846999999999753e+03,4.005652999999999793e+03,4.852998999999999796e+03,3.090733000000000175e+03,3.808188000000000102e+03,3.890018000000000029e+03,4.277841000000000349e+03,3.720564000000000306e+03,4.171943000000000211e+03,4.255394000000000233e+03,1.660972999999999956e+03,3.568210000000000036e+03,9.820390000000001010e+02,2.575709999999999695e+02,6.512230000000000700e+02,1.052860000000000127e+03,4.104650999999999840e+03,4.123813000000000102e+03,2.930557999999999993e+03,5.056280000000000655e+03,2.935024000000000342e+03,4.804378999999999905e+03,5.797750000000000909e+02,1.180125000000000227e+03,4.113414000000000669e+03,3.876043000000000575e+03,3.259963999999999942e+03,3.695758000000000266e+03,4.195469000000000051e+03,3.585997000000000298e+03,3.979542999999999665e+03,3.965344000000000051e+03,5.022270000000000323e+02,3.265069999999999482e+02,4.156861000000000786e+03,5.446430000000000291e+02,1.909259999999999877e+02,3.879756000000000313e+03,4.470052999999999884e+03,4.010111000000000786e+03,4.292257999999999811e+03,5.089125000000000000e+03,4.099923999999999978e+03,4.120591000000000349e+03,4.094247000000000298e+03,4.157367000000000189e+03,4.342336999999999534e+03,4.433021999999999935e+03,3.972173999999999978e+03,4.315259000000000015e+03,3.829855000000000018e+03,4.399827000000000226e+03,4.103323000000000320e+03,3.121747000000000298e+03,4.122720000000000255e+03,3.593107000000000426e+03,3.842596000000000004e+03,1.140057999999999993e+03,5.333659999999999854e+02,4.176756999999999607e+03,7.239690000000000509e+02,7.827419999999999618e+02,4.169309000000000196e+03,5.504220000000000255e+02,3.922858000000000175e+03
